0.000000000000000000e+00,0.000000000000000000e+00,0.000000000000000000e+00,0.000000000000000000e+00,0.000000000000000000e+00,0.000000000000000000e+00,0.000000000000000000e+00,0.000000000000000000e+00,0.000000000000000000e+00,0.000000000000000000e+00,0.000000000000000000e+00,0.000000000000000000e+00,0.000000000000000000e+00,0.000000000000000000e+00,0.000000000000000000e+00,0.000000000000000000e+00,0.000000000000000000e+00,0.000000000000000000e+00,0.000000000000000000e+00,0.000000000000000000e+00,0.000000000000000000e+00,0.000000000000000000e+00,0.000000000000000000e+00,0.000000000000000000e+00,0.000000000000000000e+00,0.000000000000000000e+00,0.000000000000000000e+00,0.000000000000000000e+00,0.000000000000000000e+00,0.000000000000000000e+00,0.000000000000000000e+00,0.000000000000000000e+00,0.000000000000000000e+00,0.000000000000000000e+00,0.000000000000000000e+00,0.000000000000000000e+00,0.000000000000000000e+00,0.000000000000000000e+00,0.000000000000000000e+00,0.000000000000000000e+00,0.000000000000000000e+00,0.000000000000000000e+00,0.000000000000000000e+00,0.000000000000000000e+00,0.000000000000000000e+00,0.000000000000000000e+00,0.000000000000000000e+00,0.000000000000000000e+00,0.000000000000000000e+00,0.000000000000000000e+00
-2.078509823846372284e-03,-2.121797047156009919e-03,-2.166905097599064467e-03,-2.213949950668051003e-03,-2.263057518523070577e-03,-2.314364722733913693e-03,-2.368020706944751197e-03,-2.424188210863986725e-03,-2.483045130733996242e-03,-2.544786295927997655e-03,-2.609625496713202653e-03,-2.677797804713222263e-03,-2.749562235442370994e-03,-2.825204811778891933e-03,-2.905042098776344783e-03,-2.989425294252723297e-03,-3.078744976749370199e-03,-3.173436633448545319e-03,-3.273987116414578402e-03,-3.380942207229620244e-03,-3.494915509174467694e-03,-3.616598934337467153e-03,-3.746775112616729242e-03,-3.886332123183233733e-03,-4.036281039797029457e-03,-4.197776893140714449e-03,-4.372143790245086592e-03,-4.560905097446887879e-03,-4.765819792981407232e-03,-4.988926330299126022e-03,-5.232595621214253256e-03,-5.499595037979143619e-03,-5.793165617622775265e-03,-6.117114872737472453e-03,-6.475927661020564052e-03,-6.874897246163191866e-03,-7.320277664026875186e-03,-7.819456257076251582e-03,-8.381140950818322111e-03,-9.015549410648415751e-03,-9.734575348705365450e-03,-1.055188998115408339e-02,-1.148291454843242132e-02,-1.254457730815050631e-02,-1.375475670764503278e-02,-1.513133105458308592e-02,-1.669082658445031342e-02,-1.844678870545524152e-02,-2.040816326530614511e-02,nan
-8.231014263857763802e-03,-8.395553786281317876e-03,-8.566522627688533120e-03,-8.744287580490173184e-03,-8.929242404642767639e-03,-9.121810194893748003e-03,-9.322445981155197403e-03,-9.531639585962703443e-03,-9.749918765201426307e-03,-9.977852660598252044e-03,-1.021605559483057535e-02,-1.046519124242845100e-02,-1.072597721184037622e-02,-1.099919007595812070e-02,-1.128567088985710232e-02,-1.158633123524555053e-02,-1.190215983077375084e-02,-1.223422974547488939e-02,-1.258370624858562437e-02,-1.295185532204123913e-02,-1.334005285107642269e-02,-1.374979449232638373e-02,-1.418270619608369421e-02,-1.464055532805386139e-02,-1.512526229385990906e-02,-1.563891251415250316e-02,-1.618376852671876698e-02,-1.676228190163664422e-02,-1.737710454370366975e-02,-1.803109882129694252e-02,-1.872734580222401579e-02,-1.946915069741084192e-02,-2.026004441893103358e-02,-2.110377996230805575e-02,-2.200432214436287559e-02,-2.296582909686473162e-02,-2.399262387286416054e-02,-2.508915461630101262e-02,-2.625994203108128477e-02,-2.750951341529006555e-02,-2.884232333560765582e-02,-3.026266210916617183e-02,-3.177455458594213855e-02,-3.338165316890073786e-02,-3.508713038698529907e-02,-3.689357741091037202e-02,-3.880291542434965990e-02,-4.081632653061229021e-02,nan,nan
-1.801648446472850496e-02,-1.835134461821237573e-02,-1.869780605804194362e-02,-1.905642342703153802e-02,-1.942778298306183093e-02,-1.981250448190727265e-02,-2.021124314909752973e-02,-2.062469173848957560e-02,-2.105358267341639333e-02,-2.149869026406753258e-02,-2.196083299208068107e-02,-2.244087585010962060e-02,-2.293973272031574195e-02,-2.345836877122875475e-02,-2.399780284716174217e-02,-2.455910981828063333e-02,-2.514342285245496633e-02,-2.575193556211569090e-02,-2.638590397050488701e-02,-2.704664823194541379e-02,-2.773555403017591292e-02,-2.845407356753598682e-02,-2.920372604611609635e-02,-2.998609753026304503e-02,-3.080284006858136081e-02,-3.165566994346213914e-02,-3.254636490806939175e-02,-3.347676026565538088e-02,-3.444874364529715294e-02,-3.546424833302364021e-02,-3.652524502930043493e-02,-3.763373192445151894e-02,-3.879172301415612090e-02,-4.000123461872329145e-02,-4.126427012293509833e-02,-4.258280301767780607e-02,-4.395875839914165084e-02,-4.539399316374925775e-02,-4.689027522351829624e-02,-4.844926215241063261e-02,-5.007247975335116230e-02,-5.176130110134213869e-02,-5.351692666357321659e-02,-5.534036611636561354e-02,-5.723242246629789420e-02,-5.919367903620020854e-02,-6.122448979591843532e-02,nan,nan,nan
-3.075666476243620051e-02,-3.127782502830496469e-02,-3.181458228074049432e-02,-3.236753705343753396e-02,-3.293731424236318039e-02,-3.352456380327331620e-02,-3.412996141348687007e-02,-3.475420908740733950e-02,-3.539803573394667557e-02,-3.606219764259388505e-02,-3.674747888337925872e-02,-3.745469160444814261e-02,-3.818467620938043039e-02,-3.893830139482146180e-02,-3.971646402745099280e-02,-4.052008883786217819e-02,-4.135012790761394275e-02,-4.220755992461611150e-02,-4.309338918119148820e-02,-4.400864428872558465e-02,-4.495437658285006410e-02,-4.593165819372946324e-02,-4.694157975733692645e-02,-4.798524774572843210e-02,-4.906378139736644606e-02,-5.017830923260202525e-02,-5.132996514458298964e-02,-5.251988406216256955e-02,-5.374919718886406184e-02,-5.501902683058002008e-02,-5.633048083435898690e-02,-5.768464667121542266e-02,-5.908258520716491713e-02,-6.052532421833223264e-02,-6.201385171764695059e-02,-6.354910917188416608e-02,-6.513198469814807101e-02,-6.676330633780147572e-02,-6.844383551280985856e-02,-7.017426077397048712e-02,-7.195519195212329855e-02,-7.378715482182074403e-02,-7.567058638188361996e-02,-7.760583084869943082e-02,-7.959313644617649341e-02,-8.163265306122458043e-02,nan,nan,nan,nan
-4.576086813960089650e-02,-4.646140198327138038e-02,-4.717988100823131137e-02,-4.791685213071969485e-02,-4.867287674352691051e-02,-4.944853064479540206e-02,-5.024440390534087864e-02,-5.106110066823277283e-02,-5.189923887414127357e-02,-5.275944990577013938e-02,-5.364237814456801479e-02,-5.454868043285276968e-02,-5.547902543451199708e-02,-5.643409288757139652e-02,-5.741457274216177353e-02,-5.842116417779208426e-02,-5.945457449434748964e-02,-6.051551787191389309e-02,-6.160471399537331694e-02,-6.272288654075247605e-02,-6.387076152152820763e-02,-6.504906549451505704e-02,-6.625852362658268824e-02,-6.749985762525256838e-02,-6.877378353822505286e-02,-7.008100942902995012e-02,-7.142223293829119690e-02,-7.279813874248364236e-02,-7.420939592451303302e-02,-7.565665527291554060e-02,-7.714054652888435726e-02,-7.866167560264947234e-02,-8.022062178285227496e-02,-8.181793496445133318e-02,-8.345413292225190016e-02,-8.512969865832820116e-02,-8.684507785233108734e-02,-8.860067644388980312e-02,-9.039685837598798734e-02,-9.223394352727598555e-02,-9.411220585978208319e-02,-9.603187180639694009e-02,-9.799311891985018619e-02,-9.999607480173688945e-02,-1.020408163265307255e-01,nan,nan,nan,nan,nan
-6.244926876033023155e-02,-6.331133988692416725e-02,-6.419234175484622718e-02,-6.509272981613883902e-02,-6.601296643308846024e-02,-6.695352053131065073e-02,-6.791486720762152096e-02,-6.889748729059416710e-02,-6.990186685181901116e-02,-7.092849666604733594e-02,-7.197787161859270366e-02,-7.305049005860109190e-02,-7.414685309708024530e-02,-7.526746384890303787e-02,-7.641282661836773515e-02,-7.758344602831229730e-02,-7.877982609324390983e-02,-8.000246923744647187e-02,-8.125187525957994206e-02,-8.252854024587014115e-02,-8.383295543461188881e-02,-8.516560603535561214e-02,-8.652697000682307849e-02,-8.791751679828341270e-02,-8.933770605980650981e-02,-9.078798632749851549e-02,-9.226879369048490709e-02,-9.378055044703670351e-02,-9.532366375782630463e-02,-9.689852430482126522e-02,-9.850550496478283069e-02,-1.001449595067022136e-01,-1.018172213227765965e-01,-1.035226022026843884e-01,-1.052613911609558972e-01,-1.070338533271466552e-01,-1.088402289082878172e-01,-1.106807322327311160e-01,-1.125555508839959362e-01,-1.144648449325957884e-01,-1.164087462730490907e-01,-1.183873580724004171e-01,-1.204007543355778420e-01,-1.224489795918367596e-01,nan,nan,nan,nan,nan,nan
-8.038040183902657454e-02,-8.138320550615837923e-02,-8.240502041612027262e-02,-8.344620956507828313e-02,-8.450713825192046613e-02,-8.558817371008586861e-02,-8.668968471359683736e-02,-8.781204115705351643e-02,-8.895561360947962237e-02,-9.012077284205632921e-02,-9.130788932993716411e-02,-9.251733272851175860e-02,-9.374947132466815436e-02,-9.500467146380031647e-02,-9.628329695351517392e-02,-9.758570844520758625e-02,-9.891226279489701012e-02,-1.002633124049479574e-01,-1.016392045485318141e-01,-1.030402806789189052e-01,-1.044668757259275549e-01,-1.059193173820816014e-01,-1.073979253812530343e-01,-1.089030107727763097e-01,-1.104348751942170193e-01,-1.119938101461598334e-01,-1.135800962725358465e-01,-1.151940026501473424e-01,-1.168357860911526380e-01,-1.185056904623489338e-01,-1.202039460251360659e-01,-1.219307688000484946e-01,-1.236863599597129992e-01,-1.254709052540182723e-01,-1.272845744711745830e-01,-1.291275209381863576e-01,-1.309998810640743416e-01,-1.329017739289530819e-01,-1.348333009217997924e-01,-1.367945454294549057e-01,-1.387855725790556605e-01,-1.408064290357493586e-01,-1.428571428571429047e-01,nan,nan,nan,nan,nan,nan,nan
-9.923295050180194754e-02,-1.003566184652040505e-01,-1.014988504329517871e-01,-1.026599302891661458e-01,-1.038401417629837842e-01,-1.050397681243251391e-01,-1.062590918667528084e-01,-1.074983943777281792e-01,-1.087579555966522449e-01,-1.100380536611602067e-01,-1.113389645422256935e-01,-1.126609616687180293e-01,-1.140043155421484045e-01,-1.153692933424308453e-01,-1.167561585255759704e-01,-1.181651704143298343e-01,-1.195965837828579237e-01,-1.210506484366646318e-01,-1.225276087890266319e-01,-1.240277034352940122e-01,-1.255511647264980768e-01,-1.270982183437683877e-01,-1.286690828751287374e-01,-1.302639693962960310e-01,-1.318830810571535173e-01,-1.335266126756029514e-01,-1.351947503405289686e-01,-1.368876710256197171e-01,-1.386055422157902450e-01,-1.403485215479411963e-01,-1.421167564677620065e-01,-1.439103839042464861e-01,-1.457295299635366082e-01,-1.475743096436414881e-01,-1.494448265715011548e-01,-1.513411727637672399e-01,-1.532634284125664603e-01,-1.552116616973988616e-01,-1.571859286241861220e-01,-1.591862728923529868e-01,-1.612127257906718070e-01,-1.632653061224490498e-01,nan,nan,nan,nan,nan,nan,nan,nan
-1.187766464135959626e-01,-1.200037038561696939e-01,-1.212486033317668466e-01,-1.225115656674438946e-01,-1.237928103688051840e-01,-1.250925553910551824e-01,-1.264110169042386156e-01,-1.277484090530333627e-01,-1.291049437115004972e-01,-1.304808302332384207e-01,-1.318762751974252301e-01,-1.332914821512767856e-01,-1.347266513494864149e-01,-1.361819794912477732e-01,-1.376576594555048438e-01,-1.391538800351033167e-01,-1.406708256705549442e-01,-1.422086761841536151e-01,-1.437676065152150851e-01,-1.453477864572318423e-01,-1.469493803977616753e-01,-1.485725470618809996e-01,-1.502174392600533204e-01,-1.518842036412677565e-01,-1.535729804523098263e-01,-1.552839033040265271e-01,-1.570170989454410249e-01,-1.587726870465622220e-01,-1.605507799907197608e-01,-1.623514826772319841e-01,-1.641748923351884493e-01,-1.660210983490967296e-01,-1.678901820971046011e-01,-1.697822168024695211e-01,-1.716972673988934606e-01,-1.736353904102985179e-01,-1.755966338455521303e-01,-1.775810371086006256e-01,-1.795886309243979184e-01,-1.816194372809531998e-01,-1.836734693877551949e-01,nan,nan,nan,nan,nan,nan,nan,nan,nan
-1.388463802205212871e-01,-1.401620188580599002e-01,-1.414946567096105334e-01,-1.428444658765823383e-01,-1.442116166780385011e-01,-1.455962774849671459e-01,-1.469986145523082544e-01,-1.484187918490262326e-01,-1.498569708865390149e-01,-1.513133105458308592e-01,-1.527879669035951404e-01,-1.542810930577687145e-01,-1.557928389528364654e-01,-1.573233512052991112e-01,-1.588727729297105262e-01,-1.604412435657045499e-01,-1.620288987064396613e-01,-1.636358699289024998e-01,-1.652622846265158207e-01,-1.669082658445036893e-01,-1.685739321184714923e-01,-1.702593973166565133e-01,-1.719647704863098148e-01,-1.736901557046620637e-01,-1.754356519349264953e-01,-1.772013528877794952e-01,-1.789873468887553942e-01,-1.807937167519759747e-01,-1.826205396606241926e-01,-1.844678870545517491e-01,-1.863358245253976531e-01,-1.882244117195640554e-01,-1.901337022493861939e-01,-1.920637436127938802e-01,-1.940145771217486326e-01,-1.959862378397004834e-01,-1.979787545282892802e-01,-1.999921496034736679e-01,-2.020264391012471794e-01,-2.040816326530613400e-01,nan,nan,nan,nan,nan,nan,nan,nan,nan,nan
-1.593227099730504248e-01,-1.607145808127087849e-01,-1.621225754641250349e-01,-1.635468288111260327e-01,-1.649874738558365084e-01,-1.664446416004139728e-01,-1.679184609282216023e-01,-1.694090584846439929e-01,-1.709165585577590019e-01,-1.724410829590891092e-01,-1.739827509046585341e-01,-1.755416788965933894e-01,-1.771179806055039885e-01,-1.787117667538966059e-01,-1.803231450008637715e-01,-1.819522198283080594e-01,-1.835990924289540582e-01,-1.852638605964085916e-01,-1.869466186175263722e-01,-1.886474571673396050e-01,-1.903664632068104989e-01,-1.921037198836586524e-01,-1.938593064365169427e-01,-1.956332981026621676e-01,-1.974257660295617445e-01,-1.992367771904698381e-01,-2.010663943043026203e-01,-2.029146757600068796e-01,-2.047816755456345339e-01,-2.066674431823147806e-01,-2.085720236633160640e-01,-2.104954573983637278e-01,-2.124377801633773322e-01,-2.143990230557706322e-01,-2.163792124554416718e-01,-2.183783699915707865e-01,-2.203965125153195537e-01,-2.224336520785128446e-01,-2.244897959183673741e-01,nan,nan,nan,nan,nan,nan,nan,nan,nan,nan,nan
-1.801181145097411063e-01,-1.815759726549970587e-01,-1.830490947788527833e-01,-1.845375873809696476e-01,-1.860415551529409628e-01,-1.875611008940733238e-01,-1.890963254273408944e-01,-1.906473275156526648e-01,-1.922142037785730673e-01,-1.937970486096425304e-01,-1.953959540944441020e-01,-1.970110099295656614e-01,-1.986423033426100715e-01,-2.002899190134043717e-01,-2.019539389965625542e-01,-2.036344426455533596e-01,-2.053315065384295757e-01,-2.070452044053686658e-01,-2.087756070581778811e-01,-2.105227823219117389e-01,-2.122867949687524680e-01,-2.140677066542931439e-01,-2.158655758563698956e-01,-2.176804578165756343e-01,-2.195124044845916389e-01,-2.213614644654622321e-01,-2.232276829699363363e-01,-2.251111017679918724e-01,-2.270117591456508599e-01,-2.289296898651913548e-01,-2.308649251288495963e-01,-2.328174925460982925e-01,-2.347874161045858665e-01,-2.367747161448009452e-01,-2.387794093385295913e-01,-2.408015086711557950e-01,-2.428410234278488566e-01,-2.448979591836735192e-01,nan,nan,nan,nan,nan,nan,nan,nan,nan,nan,nan,nan
-2.011675322790795473e-01,-2.026828733247642289e-01,-2.042126586876450434e-01,-2.057569731377119626e-01,-2.073158997842895479e-01,-2.088895200158087384e-01,-2.104779134400333596e-01,-2.120811578248334994e-01,-2.136993290395970413e-01,-2.153325009973749427e-01,-2.169807455978548516e-01,-2.186441326712551536e-01,-2.203227299232393133e-01,-2.220166028809398284e-01,-2.237258148401910507e-01,-2.254504268140616330e-01,-2.271904974827803625e-01,-2.289460831451483047e-01,-2.307172376715238005e-01,-2.325040124584729639e-01,-2.343064563851686155e-01,-2.361246157716224148e-01,-2.379585343388313512e-01,-2.398082531709173626e-01,-2.416738106793330232e-01,-2.435552425692069090e-01,-2.454525818078961974e-01,-2.473658585958079525e-01,-2.492951003395511567e-01,-2.512403316274745002e-01,-2.532015742076388909e-01,-2.551788469682713112e-01,-2.571721659207418798e-01,-2.591815441850970902e-01,-2.612069919781835337e-01,-2.632485166043825320e-01,-2.653061224489795533e-01,nan,nan,nan,nan,nan,nan,nan,nan,nan,nan,nan,nan,nan
-2.224218821015947201e-01,-2.239876202923198056e-01,-2.255670344317848020e-01,-2.271601925450716930e-01,-2.287671611673120498e-01,-2.303880053002945738e-01,-2.320227883695974436e-01,-2.336715721823051928e-01,-2.353344168853731266e-01,-2.370113809246978120e-01,-2.387025210049560364e-01,-2.404078920502721317e-01,-2.421275471657739486e-01,-2.438615376000970447e-01,-2.456099127088970935e-01,-2.473727199194258874e-01,-2.491500046962317749e-01,-2.509418105080365446e-01,-2.527481787958466009e-01,-2.545691489423491105e-01,-2.564047582426456917e-01,-2.582550418763726041e-01,-2.601200328812563467e-01,-2.619997621281487943e-01,-2.638942582975847273e-01,-2.658035478579061639e-01,-2.677276550449874115e-01,-2.696666018435996959e-01,-2.716204079704479524e-01,-2.735890908589097004e-01,-2.755726656455034229e-01,-2.775711451581113209e-01,-2.795845399059773140e-01,-2.816128580714987173e-01,-2.836561055038265833e-01,-2.857142857142856984e-01,nan,nan,nan,nan,nan,nan,nan,nan,nan,nan,nan,nan,nan,nan
-2.438436047558737441e-01,-2.454538048933538330e-01,-2.470769674818160677e-01,-2.487131475401405112e-01,-2.503623987667555340e-01,-2.520247735080934359e-01,-2.537003227275494988e-01,-2.553890959749847145e-01,-2.570911413568128245e-01,-2.588065055067108600e-01,-2.605352335569929845e-01,-2.622773691106868865e-01,-2.640329542143506347e-01,-2.658020293316692428e-01,-2.675846333178663605e-01,-2.693808033949696701e-01,-2.711905751279640175e-01,-2.730139824018673611e-01,-2.748510573997642870e-01,-2.767018305818277346e-01,-2.785663306653613502e-01,-2.804445846058929992e-01,-2.823366175793460831e-01,-2.842424529653177490e-01,-2.861621123314892490e-01,-2.880956154191908203e-01,-2.900429801301461774e-01,-2.920042225144142689e-01,-2.939793567595506696e-01,-2.959683951810011537e-01,-2.979713482137464897e-01,-2.999882244052104463e-01,-3.020190304094407807e-01,-3.040637709825739776e-01,-3.061224489795917325e-01,nan,nan,nan,nan,nan,nan,nan,nan,nan,nan,nan,nan,nan,nan,nan
-2.654035650639096078e-01,-2.670532253512059029e-01,-2.687151889466395938e-01,-2.703895006810578261e-01,-2.720762042221386845e-01,-2.737753420512394342e-01,-2.754869554406931265e-01,-2.772110844315804346e-01,-2.789477678120024784e-01,-2.806970430958822815e-01,-2.824589465023192858e-01,-2.842335129355240131e-01,-2.860207759653561888e-01,-2.878207678084931387e-01,-2.896335193102492211e-01,-2.914590599270732718e-01,-2.932974177097432134e-01,-2.951486192872829761e-01,-2.970126898516192715e-01,-2.988896531430024761e-01,-3.007795314362073369e-01,-3.026823455275345354e-01,-3.045981147226288765e-01,-3.065268568251329206e-01,-3.084685881261873819e-01,-3.104233233947976123e-01,-3.123910758690759959e-01,-3.143718572483723550e-01,-3.163656776863061904e-01,-3.183725457847060847e-01,-3.203924685884691481e-01,-3.224254515813437250e-01,-3.244714986826434666e-01,-3.265306122448978776e-01,nan,nan,nan,nan,nan,nan,nan,nan,nan,nan,nan,nan,nan,nan,nan,nan
-2.870788730209067330e-01,-2.887637513415393098e-01,-2.904603255586321042e-01,-2.921686324541604707e-01,-2.938887077879120402e-01,-2.956205862803321649e-01,-2.973643015957531666e-01,-2.991198863260252638e-01,-3.008873719745689956e-01,-3.026667889408640733e-01,-3.044581665053936459e-01,-3.062615328150606886e-01,-3.080769148690919446e-01,-3.099043385054472410e-01,-3.117438283877472793e-01,-3.135954079927380511e-01,-3.154590995983039825e-01,-3.173349242720443497e-01,-3.192229018604280100e-01,-3.211230509785373277e-01,-3.230353890004140638e-01,-3.249599320500197175e-01,-3.268966949928203136e-01,-3.288456914280056820e-01,-3.308069336813531658e-01,-3.327804327987441413e-01,-3.347661985403417306e-01,-3.367642393754365360e-01,-3.387745624779658904e-01,-3.407971737227140085e-01,-3.428320776821961458e-01,-3.448792776242305402e-01,-3.469387755102040227e-01,nan,nan,nan,nan,nan,nan,nan,nan,nan,nan,nan,nan,nan,nan,nan,nan,nan
-3.088513310757123320e-01,-3.105678066080530542e-01,-3.122954187564991324e-01,-3.140341978908821052e-01,-3.157841734828675806e-01,-3.175453740931245550e-01,-3.193178273588184735e-01,-3.211015599814395771e-01,-3.228965977149791389e-01,-3.247029653544640793e-01,-3.265206867248633960e-01,-3.283497846703769540e-01,-3.301902810441167957e-01,-3.320421966981933481e-01,-3.339055514742140796e-01,-3.357803641942092021e-01,-3.376666526519878087e-01,-3.395644336049390422e-01,-3.414737227662838492e-01,-3.433945347977871987e-01,-3.453268833029364271e-01,-3.472707808205969249e-01,-3.492262388191473832e-01,-3.511932676911041495e-01,-3.531718767482399102e-01,-3.551620742172012513e-01,-3.571638672356304278e-01,-3.591772618487958368e-01,-3.612022630067336371e-01,-3.632388745619065107e-01,-3.652870992673784567e-01,-3.673469387755101678e-01,nan,nan,nan,nan,nan,nan,nan,nan,nan,nan,nan,nan,nan,nan,nan,nan,nan,nan
-3.307063127861256113e-01,-3.324512757276799624e-01,-3.342068601961377117e-01,-3.359730914119980483e-01,-3.377499938055898432e-01,-3.395375910073910597e-01,-3.413359058386165046e-01,-3.431449603020845229e-01,-3.449647755733680210e-01,-3.467953719922409750e-01,-3.486367690544254772e-01,-3.504889854036484786e-01,-3.523520388240165557e-01,-3.542259462327135844e-01,-3.561107236730292058e-01,-3.580063863077261876e-01,-3.599129484127505108e-01,-3.618304233712914542e-01,-3.637588236681980614e-01,-3.656981608847557075e-01,-3.676484456938294842e-01,-3.696096878553778997e-01,-3.715818962123418889e-01,-3.735650786869135209e-01,-3.755592422771860672e-01,-3.775643930541926485e-01,-3.795805361593316274e-01,-3.816076758021846871e-01,-3.836458152587289838e-01,-3.856949568699441500e-01,-3.877551020408163129e-01,nan,nan,nan,nan,nan,nan,nan,nan,nan,nan,nan,nan,nan,nan,nan,nan,nan,nan,nan
-3.526319423459151614e-01,-3.544027057755589905e-01,-3.561836159015223102e-01,-3.579746937775107329e-01,-3.597759597606164372e-01,-3.615874335039521159e-01,-3.634091339495099104e-01,-3.652410793212482187e-01,-3.670832871184138702e-01,-3.689357741091036091e-01,-3.707985563240730476e-01,-3.726716490507951951e-01,-3.745550668277755069e-01,-3.764488234391281662e-01,-3.783529319094181553e-01,-3.802674044987722768e-01,-3.821922526982661217e-01,-3.841274872255879269e-01,-3.860731180209849844e-01,-3.880291542434971541e-01,-3.899956042674762591e-01,-3.919724756794009668e-01,-3.939597752749840476e-01,-3.959575090565785049e-01,-3.979656822308825781e-01,-3.999842992069472247e-01,-4.020133635944868056e-01,-4.040528782024942478e-01,-4.061028450381645172e-01,-4.081632653061225691e-01,nan,nan,nan,nan,nan,nan,nan,nan,nan,nan,nan,nan,nan,nan,nan,nan,nan,nan,nan,nan
-3.746184866450129602e-01,-3.764127157620548170e-01,-3.782166532599667841e-01,-3.800303167964634854e-01,-3.818537234135238045e-01,-3.836868895317440131e-01,-3.855298309448769167e-01,-3.873825628145588507e-01,-3.892450996652296880e-01,-3.911174553792509667e-01,-3.929996431922230249e-01,-3.948916756885076929e-01,-3.967935647969579316e-01,-3.987053217868593569e-01,-4.006269572640850929e-01,-4.025584811674692287e-01,-4.044999027653996548e-01,-4.064512306526332774e-01,-4.084124727473387173e-01,-4.103836362883646616e-01,-4.123647278327391419e-01,-4.143557532534015708e-01,-4.163567177371669259e-01,-4.183676257829272438e-01,-4.203884812000887594e-01,-4.224192871072480759e-01,-4.244600459311067553e-01,-4.265107594056272156e-01,-4.285714285714287142e-01,nan,nan,nan,nan,nan,nan,nan,nan,nan,nan,nan,nan,nan,nan,nan,nan,nan,nan,nan,nan,nan
-3.966578993704253375e-01,-3.984735543809397873e-01,-4.002985125032463842e-01,-4.021327886086051295e-01,-4.039763970224469203e-01,-4.058293515200139812e-01,-4.076916653221537290e-01,-4.095633510912689568e-01,-4.114444209274268904e-01,-4.133348863646296167e-01,-4.152347583672497122e-01,-4.171440473266321280e-01,-4.190627630578659391e-01,-4.209909147967273446e-01,-4.229285111967974187e-01,-4.248755603267547198e-01,-4.268320696678468140e-01,-4.287980461115410979e-01,-4.307734959573573663e-01,-4.327584249108832326e-01,-4.347528380819746241e-01,-4.367567399831415176e-01,-4.387701345281211363e-01,-4.407930250306389408e-01,-4.428254142033594132e-01,-4.448673041570255782e-01,-4.469186963997896500e-01,-4.489795918367346372e-01,nan,nan,nan,nan,nan,nan,nan,nan,nan,nan,nan,nan,nan,nan,nan,nan,nan,nan,nan,nan,nan,nan
-4.187434752196877996e-01,-4.205787649717204202e-01,-4.224229824501437580e-01,-4.242761402254692227e-01,-4.261382503828682333e-01,-4.280093245187855389e-01,-4.298893737376781599e-01,-4.317784086488852258e-01,-4.336764393636289849e-01,-4.355834754921484864e-01,-4.374995261409697078e-01,-4.394245999103113531e-01,-4.413587048916310929e-01,-4.433018486653115819e-01,-4.452540382984871425e-01,-4.472152803430159973e-01,-4.491855808335962763e-01,-4.511649452860274634e-01,-4.531533786956199461e-01,-4.551508855357525585e-01,-4.571574697565791712e-01,-4.591731347838852173e-01,-4.611978835180959302e-01,-4.632317183334347388e-01,-4.652746410772353181e-01,-4.673266530694047960e-01,-4.693877551020407823e-01,nan,nan,nan,nan,nan,nan,nan,nan,nan,nan,nan,nan,nan,nan,nan,nan,nan,nan,nan,nan,nan,nan,nan
-4.408695848102680004e-01,-4.427229289309244087e-01,-4.445848524209196073e-01,-4.464553659398728391e-01,-4.483344797145036864e-01,-4.502222035359838004e-01,-4.521185467573963779e-01,-4.540235182913017198e-01,-4.559371266074132567e-01,-4.578593797303829871e-01,-4.597902852376995475e-01,-4.617298502576990260e-01,-4.636780814676906837e-01,-4.656349850921967515e-01,-4.676005669013105770e-01,-4.695748322091716775e-01,-4.715577858725584770e-01,-4.735494322896017239e-01,-4.755497753986170917e-01,-4.775588186770591825e-01,-4.795765651405969332e-01,-4.816030173423114236e-01,-4.836381773720156430e-01,-4.856820468556976023e-01,-4.877346269550874025e-01,-4.897959183673470385e-01,nan,nan,nan,nan,nan,nan,nan,nan,nan,nan,nan,nan,nan,nan,nan,nan,nan,nan,nan,nan,nan,nan,nan,nan
-4.630314693982354735e-01,-4.649014671892380823e-01,-4.667797204583636339e-01,-4.686662382694259943e-01,-4.705610292989102494e-01,-4.724641018338914256e-01,-4.743754637700444698e-01,-4.762951226097421609e-01,-4.782230854602456671e-01,-4.801593590319848670e-01,-4.821039496369343147e-01,-4.840568631870807992e-01,-4.860181051929864382e-01,-4.879876807624481394e-01,-4.899655945992513195e-01,-4.919518510020226554e-01,-4.939464538631793133e-01,-4.959494066679766555e-01,-4.979607124936547558e-01,-4.999803740086841142e-01,-5.020083934721115693e-01,-5.040447727330049643e-01,-5.060895132299999544e-01,-5.081426159909456786e-01,-5.102040816326531836e-01,nan,nan,nan,nan,nan,nan,nan,nan,nan,nan,nan,nan,nan,nan,nan,nan,nan,nan,nan,nan,nan,nan,nan,nan,nan
-4.852250804032162690e-01,-4.871104851384139289e-01,-4.890038436344954498e-01,-4.909051636157926168e-01,-4.928144524590162834e-01,-4.947317171916158496e-01,-4.966569644902114611e-01,-4.985902006791023133e-01,-5.005314317288518389e-01,-5.024806632549491114e-01,-5.044379005165462448e-01,-5.064031484152776708e-01,-5.083764114941551338e-01,-5.103576939365426224e-01,-5.123469995652132347e-01,-5.143443318414835375e-01,-5.163496938644316359e-01,-5.183630883701941805e-01,-5.203845177313470849e-01,-5.224139839563670673e-01,-5.244514886891753491e-01,-5.264970332087650640e-01,-5.285506184289106013e-01,-5.306122448979591066e-01,nan,nan,nan,nan,nan,nan,nan,nan,nan,nan,nan,nan,nan,nan,nan,nan,nan,nan,nan,nan,nan,nan,nan,nan,nan,nan
-5.074469528423176667e-01,-5.093466504074086743e-01,-5.112540201438827703e-01,-5.131690686463947770e-01,-5.150918021966806037e-01,-5.170222267622580636e-01,-5.189603479951866438e-01,-5.209061712308955538e-01,-5.228597014870717263e-01,-5.248209434626149861e-01,-5.267899015366561688e-01,-5.287665797676437407e-01,-5.307509818924924794e-01,-5.327431113258018769e-01,-5.347429711591404899e-01,-5.367505641603957933e-01,-5.387658927731936442e-01,-5.407889591163841381e-01,-5.428197649835961869e-01,-5.448583118428598215e-01,-5.469046008362971056e-01,-5.489586327798813281e-01,-5.510204081632652517e-01,nan,nan,nan,nan,nan,nan,nan,nan,nan,nan,nan,nan,nan,nan,nan,nan,nan,nan,nan,nan,nan,nan,nan,nan,nan,nan,nan
-5.296941046731853397e-01,-5.316070957158123278e-01,-5.335274956421727222e-01,-5.354553100899747120e-01,-5.373905444144262411e-01,-5.393332036871995028e-01,-5.412832926954513901e-01,-5.432408159408961268e-01,-5.452057776389310773e-01,-5.471781817178194007e-01,-5.491580318179257736e-01,-5.511453312910069569e-01,-5.531400831995595402e-01,-5.551422903162226419e-01,-5.571519551232356759e-01,-5.591690798119546280e-01,-5.611936662824221766e-01,-5.632257161429974346e-01,-5.652652307100402007e-01,-5.673122110076532776e-01,-5.693666577674820761e-01,-5.714285714285716189e-01,nan,nan,nan,nan,nan,nan,nan,nan,nan,nan,nan,nan,nan,nan,nan,nan,nan,nan,nan,nan,nan,nan,nan,nan,nan,nan,nan,nan
-5.519639561136636674e-01,-5.538893410475301815e-01,-5.558218882497024671e-01,-5.577616025439307013e-01,-5.597084884982073127e-01,-5.616625504239423083e-01,-5.636237923751854506e-01,-5.655922181478909572e-01,-5.675678312792313829e-01,-5.695506350469550227e-01,-5.715406324687913875e-01,-5.735378263019026424e-01,-5.755422190423820084e-01,-5.775538129247994590e-01,-5.795726099217946015e-01,-5.815986117437167424e-01,-5.836318198383136924e-01,-5.856722353904666445e-01,-5.877198593219747913e-01,-5.897746922913860157e-01,-5.918367346938777640e-01,nan,nan,nan,nan,nan,nan,nan,nan,nan,nan,nan,nan,nan,nan,nan,nan,nan,nan,nan,nan,nan,nan,nan,nan,nan,nan,nan,nan,nan
-5.742542644960560994e-01,-5.761912308383817516e-01,-5.781351280502032841e-01,-5.800859602602922438e-01,-5.820437313652455646e-01,-5.840084450288286488e-01,-5.859801046813539749e-01,-5.879587135191013392e-01,-5.899442745037752900e-01,-5.919367903620020854e-01,-5.939362635848677296e-01,-5.959426964274928684e-01,-5.979560909086503173e-01,-5.999764488104208926e-01,-6.020037716778892101e-01,-6.040380608188814504e-01,-6.060793173037413162e-01,-6.081275419651480663e-01,-6.101827353979742963e-01,-6.122448979591835760e-01,nan,nan,nan,nan,nan,nan,nan,nan,nan,nan,nan,nan,nan,nan,nan,nan,nan,nan,nan,nan,nan,nan,nan,nan,nan,nan,nan,nan,nan,nan
-5.965630712995270146e-01,-5.985108829265153307e-01,-6.004654079391172905e-01,-6.024266498706098982e-01,-6.043946120429568580e-01,-6.063692975662808848e-01,-6.083507093383706543e-01,-6.103388500442205045e-01,-6.123337221556031107e-01,-6.143353279306763559e-01,-6.163436694136233962e-01,-6.183587484343275875e-01,-6.203805666080793868e-01,-6.224091253353196684e-01,-6.244444258014160143e-01,-6.264864689764724215e-01,-6.285352556151756476e-01,-6.305907862566738631e-01,-6.326530612244898322e-01,nan,nan,nan,nan,nan,nan,nan,nan,nan,nan,nan,nan,nan,nan,nan,nan,nan,nan,nan,nan,nan,nan,nan,nan,nan,nan,nan,nan,nan,nan,nan
-6.188886588023784219e-01,-6.208466467895954466e-01,-6.228111434277363578e-01,-6.247821517381518808e-01,-6.267596745493843047e-01,-6.287437144967447100e-01,-6.307342740219208377e-01,-6.327313553726121587e-01,-6.347349606021944757e-01,-6.367450915694120583e-01,-6.387617499381010866e-01,-6.407849371769385183e-01,-6.428146545592237082e-01,-6.448509031626874499e-01,-6.468936838693295499e-01,-6.489429973652869332e-01,-6.509988441407317250e-01,-6.530612244897958663e-01,nan,nan,nan,nan,nan,nan,nan,nan,nan,nan,nan,nan,nan,nan,nan,nan,nan,nan,nan,nan,nan,nan,nan,nan,nan,nan,nan,nan,nan,nan,nan,nan
-6.412295143882529302e-01,-6.431970691673117857e-01,-6.451709395661170410e-01,-6.471511281645950797e-01,-6.491376373663247934e-01,-6.511304693982024050e-01,-6.531296263101267208e-01,-6.551351099747122486e-01,-6.571469220870259642e-01,-6.591650641643478359e-01,-6.611895375459584390e-01,-6.632203433929491077e-01,-6.652574826880597314e-01,-6.673009562355385338e-01,-6.693507646610297179e-01,-6.714069084114855368e-01,-6.734693877551020114e-01,nan,nan,nan,nan,nan,nan,nan,nan,nan,nan,nan,nan,nan,nan,nan,nan,nan,nan,nan,nan,nan,nan,nan,nan,nan,nan,nan,nan,nan,nan,nan,nan,nan
-6.635843009836706052e-01,-6.655608655974882826e-01,-6.675435635637515519e-01,-6.695323970806834613e-01,-6.715273681848463738e-01,-6.735284787508730719e-01,-6.755357304912181782e-01,-6.775491249559317808e-01,-6.795686635324531544e-01,-6.815943474454280171e-01,-6.836261777565441067e-01,-6.856641553643920695e-01,-6.877082810043451122e-01,-6.897585552484613025e-01,-6.918149785054084067e-01,-6.938775510204081565e-01,nan,nan,nan,nan,nan,nan,nan,nan,nan,nan,nan,nan,nan,nan,nan,nan,nan,nan,nan,nan,nan,nan,nan,nan,nan,nan,nan,nan,nan,nan,nan,nan,nan,nan
-6.859518324389516364e-01,-6.879368967181637151e-01,-6.899279220005057889e-01,-6.919249101532832791e-01,-6.939278628952780803e-01,-6.959367817965345093e-01,-6.979516682781617964e-01,-6.999725236121576710e-01,-7.019993489212479343e-01,-7.040321451787465712e-01,-7.060709132084336259e-01,-7.081156536844515070e-01,-7.101663671312210546e-01,-7.122230539233758151e-01,-7.142857142857141906e-01,nan,nan,nan,nan,nan,nan,nan,nan,nan,nan,nan,nan,nan,nan,nan,nan,nan,nan,nan,nan,nan,nan,nan,nan,nan,nan,nan,nan,nan,nan,nan,nan,nan,nan,nan
-7.083310529191486626e-01,-7.103241484344026135e-01,-7.123230417585293406e-01,-7.143277344712609667e-01,-7.163382280155886628e-01,-7.183545236975914516e-01,-7.203766226862815536e-01,-7.224045260134671631e-01,-7.244382345736283257e-01,-7.264777491238130214e-01,-7.285230702835462369e-01,-7.305741985347570244e-01,-7.326311342217211031e-01,-7.346938775510203357e-01,nan,nan,nan,nan,nan,nan,nan,nan,nan,nan,nan,nan,nan,nan,nan,nan,nan,nan,nan,nan,nan,nan,nan,nan,nan,nan,nan,nan,nan,nan,nan,nan,nan,nan,nan,nan
-7.307210195667300789e-01,-7.327217152373161069e-01,-7.347280539881739791e-01,-7.367400371485846033e-01,-7.387576659216800179e-01,-7.407809413843098323e-01,-7.428098644869188805e-01,-7.448444360534423048e-01,-7.468846567812124082e-01,-7.489305272408807168e-01,-7.509820478763531426e-01,-7.530392190047414669e-01,-7.551020408163267028e-01,nan,nan,nan,nan,nan,nan,nan,nan,nan,nan,nan,nan,nan,nan,nan,nan,nan,nan,nan,nan,nan,nan,nan,nan,nan,nan,nan,nan,nan,nan,nan,nan,nan,nan,nan,nan,nan
-7.531208878483889313e-01,-7.551287861083855191e-01,-7.571421805615689005e-01,-7.591610723186633658e-01,-7.611854623737914771e-01,-7.632153516043694852e-01,-7.652507407710131826e-01,-7.672916305174580787e-01,-7.693380213704894555e-01,-7.713899137398881889e-01,-7.734473079183855626e-01,-7.755102040816328479e-01,nan,nan,nan,nan,nan,nan,nan,nan,nan,nan,nan,nan,nan,nan,nan,nan,nan,nan,nan,nan,nan,nan,nan,nan,nan,nan,nan,nan,nan,nan,nan,nan,nan,nan,nan,nan,nan,nan
-7.755298991154172539e-01,-7.775446325552912707e-01,-7.795647225766634270e-01,-7.815901700991898515e-01,-7.836209759345506010e-01,-7.856571407863669476e-01,-7.876986652501316577e-01,-7.897455498131477070e-01,-7.917977948544796529e-01,-7.938554006449156653e-01,-7.959183673469389930e-01,nan,nan,nan,nan,nan,nan,nan,nan,nan,nan,nan,nan,nan,nan,nan,nan,nan,nan,nan,nan,nan,nan,nan,nan,nan,nan,nan,nan,nan,nan,nan,nan,nan,nan,nan,nan,nan,nan,nan
-7.979473699986711077e-01,-7.999685984138946715e-01,-8.019950505598791857e-01,-8.040267271889735001e-01,-8.060636289533593679e-01,-8.081057564049886066e-01,-8.101531099955306958e-01,-8.122056900763289233e-01,-8.142634968983671895e-01,-8.163265306122451381e-01,nan,nan,nan,nan,nan,nan,nan,nan,nan,nan,nan,nan,nan,nan,nan,nan,nan,nan,nan,nan,nan,nan,nan,nan,nan,nan,nan,nan,nan,nan,nan,nan,nan,nan,nan,nan,nan,nan,nan,nan
-8.203726833312445788e-01,-8.224000911206111875e-01,-8.244325960826147659e-01,-8.264701988228910778e-01,-8.285128998539945666e-01,-8.305606995953519478e-01,-8.326135983732236845e-01,-8.346715964206743443e-01,-8.367346938775512832e-01,nan,nan,nan,nan,nan,nan,nan,nan,nan,nan,nan,nan,nan,nan,nan,nan,nan,nan,nan,nan,nan,nan,nan,nan,nan,nan,nan,nan,nan,nan,nan,nan,nan,nan,nan,nan,nan,nan,nan,nan,nan
-8.428052803490451161e-01,-8.448385742144961519e-01,-8.468768445599460515e-01,-8.489200918622136216e-01,-8.509683165114798609e-01,-8.530215188112546532e-01,-8.550796989783489011e-01,-8.571428571428573173e-01,nan,nan,nan,nan,nan,nan,nan,nan,nan,nan,nan,nan,nan,nan,nan,nan,nan,nan,nan,nan,nan,nan,nan,nan,nan,nan,nan,nan,nan,nan,nan,nan,nan,nan,nan,nan,nan,nan,nan,nan,nan,nan
-8.652446539649208956e-01,-8.672835608722010425e-01,-8.693273290421047461e-01,-8.713759588382241628e-01,-8.734294505433850553e-01,-8.754878043596221460e-01,-8.775510204081634624e-01,nan,nan,nan,nan,nan,nan,nan,nan,nan,nan,nan,nan,nan,nan,nan,nan,nan,nan,nan,nan,nan,nan,nan,nan,nan,nan,nan,nan,nan,nan,nan,nan,nan,nan,nan,nan,nan,nan,nan,nan,nan,nan,nan
-8.876903429483700148e-01,-8.897346083140513784e-01,-8.917836248431281199e-01,-8.938373927995795221e-01,-8.958959123719771878e-01,-8.979591836734696075e-01,nan,nan,nan,nan,nan,nan,nan,nan,nan,nan,nan,nan,nan,nan,nan,nan,nan,nan,nan,nan,nan,nan,nan,nan,nan,nan,nan,nan,nan,nan,nan,nan,nan,nan,nan,nan,nan,nan,nan,nan,nan,nan,nan,nan
-9.101419268721516742e-01,-9.121913129477223769e-01,-9.142453448782489334e-01,-9.163040228400093357e-01,-9.183673469387757526e-01,nan,nan,nan,nan,nan,nan,nan,nan,nan,nan,nan,nan,nan,nan,nan,nan,nan,nan,nan,nan,nan,nan,nan,nan,nan,nan,nan,nan,nan,nan,nan,nan,nan,nan,nan,nan,nan,nan,nan,nan,nan,nan,nan,nan,nan
-9.325990217107877900e-01,-9.346533061388094810e-01,-9.367121356035665869e-01,-9.387755102040817867e-01,nan,nan,nan,nan,nan,nan,nan,nan,nan,nan,nan,nan,nan,nan,nan,nan,nan,nan,nan,nan,nan,nan,nan,nan,nan,nan,nan,nan,nan,nan,nan,nan,nan,nan,nan,nan,nan,nan,nan,nan,nan,nan,nan,nan,nan,nan
-9.550612759951946362e-01,-9.571202505161269247e-01,-9.591836734693879318e-01,nan,nan,nan,nan,nan,nan,nan,nan,nan,nan,nan,nan,nan,nan,nan,nan,nan,nan,nan,nan,nan,nan,nan,nan,nan,nan,nan,nan,nan,nan,nan,nan,nan,nan,nan,nan,nan,nan,nan,nan,nan,nan,nan,nan,nan,nan,nan
-9.775283674433780101e-01,-9.795918367346940769e-01,nan,nan,nan,nan,nan,nan,nan,nan,nan,nan,nan,nan,nan,nan,nan,nan,nan,nan,nan,nan,nan,nan,nan,nan,nan,nan,nan,nan,nan,nan,nan,nan,nan,nan,nan,nan,nan,nan,nan,nan,nan,nan,nan,nan,nan,nan,nan,nan
-1.000000000000000222e+00,nan,nan,nan,nan,nan,nan,nan,nan,nan,nan,nan,nan,nan,nan,nan,nan,nan,nan,nan,nan,nan,nan,nan,nan,nan,nan,nan,nan,nan,nan,nan,nan,nan,nan,nan,nan,nan,nan,nan,nan,nan,nan,nan,nan,nan,nan,nan,nan,nan
