3.840051188797866111e-02,3.927069493949186807e-02,4.420224552557783237e-02,5.073118674861110122e-02,5.824559260297634822e-02,6.646773349866463843e-02,7.524318860622025706e-02,8.447671772669718138e-02,9.410601927188366744e-02,1.040890035571599981e-01,1.143968907828076809e-01,1.250101593066013095e-01,1.359160230840548156e-01,1.471067897494171550e-01,1.585787550405057811e-01,1.703314391106571790e-01,1.823670500756759960e-01,1.946901039693091917e-01,2.073071554061245436e-01,2.202266107468684453e-01,2.334586032283931800e-01,2.470149178167821979e-01,2.609089569881073434e-01,2.751557425372537224e-01,2.897719499386979258e-01,3.047759747540428332e-01,3.201880321104537686e-01,3.360302910969328316e-01,3.523270487234317905e-01,3.691049501922984977e-01,3.863932639286353776e-01,4.042242241837461503e-01,4.226334586390805281e-01,4.416605238361839270e-01,4.613495812739634161e-01,4.817502603144450113e-01,5.029187734028079948e-01,5.249193797215625512e-01,5.478263419743416573e-01,5.717266005166696807e-01,5.967235227803646680e-01,6.229423274819811951e-01,6.505382366362313373e-01,6.797093214607112799e-01,7.107180111305813064e-01,7.439301276516252504e-01,7.798941834930650518e-01,8.195326096025028484e-01,8.647676528285725972e-01,9.245086376572899667e-01
3.150835340915214555e-02,3.240252916638020064e-02,3.737063843443466649e-02,4.393858772204173313e-02,5.149477510215572096e-02,5.976192278831682358e-02,6.858606839811343114e-02,7.787244963038797430e-02,8.755927210770630964e-02,9.760498829856723013e-02,1.079813990597013884e-01,1.186696050472568764e-01,1.296574876633154183e-01,1.409380707846923375e-01,1.525084194997183840e-01,1.643688814109312002e-01,1.765225559397298749e-01,1.889749210496263210e-01,2.017335720602879690e-01,2.148080436532329163e-01,2.282096961041728544e-01,2.419516526671503520e-01,2.560487803551121377e-01,2.705177096412456628e-01,2.853768902589366441e-01,3.006466832310665804e-01,3.163494914443316652e-01,3.325099321351174808e-01,3.491550577454416437e-01,3.663146346332282199e-01,3.840214915892241621e-01,4.023119556408873976e-01,4.212263996574481251e-01,4.408099344619829107e-01,4.611132924390712873e-01,4.821939704014928108e-01,5.041177295158387750e-01,5.269606000386364286e-01,5.508116199643580124e-01,5.757766728951561053e-01,6.019840357567822764e-01,6.295927082738830283e-01,6.588055223145103945e-01,6.898910592369549288e-01,7.232233566897658950e-01,7.593624014351949558e-01,7.992477564790865241e-01,8.448303754725914327e-01,9.050849776775073963e-01,nan
2.685685516763869352e-02,2.781316959836266367e-02,3.285445346605087025e-02,3.949677241748306145e-02,4.712910311900642135e-02,5.547481793284347873e-02,6.438057653200668362e-02,7.375223256199481270e-02,8.352861711137671286e-02,9.366882708934376467e-02,1.041453337257904899e-01,1.149399394599970314e-01,1.260412640536370255e-01,1.374431114509111485e-01,1.491433737658667269e-01,1.611432788129802951e-01,1.734468658015198006e-01,1.860606194285825410e-01,1.989932171038653053e-01,2.122553606038490859e-01,2.258596735914937259e-01,2.398206522765702342e-01,2.541546617160395094e-01,2.688799740497904711e-01,2.840168464002454929e-01,2.995876402647206227e-01,3.156169849230456848e-01,3.321319905511086468e-01,3.491625201342196672e-01,3.667415319753148939e-01,3.849055097184965746e-01,4.036950040246660709e-01,4.231553183586846956e-01,4.433373851444850633e-01,4.642988995376358119e-01,4.861058079949822641e-01,5.088342979569755453e-01,5.325735159043083478e-01,5.574293764535722673e-01,5.835300683394608612e-01,6.110343217577480779e-01,6.401444220521976813e-01,6.711279727594281486e-01,7.043573390336974605e-01,7.403896547129376060e-01,7.801594405979801472e-01,8.256078536900630649e-01,8.856838581253767551e-01,nan,nan
2.340259576596859237e-02,2.443324603245711213e-02,2.955843529053781005e-02,3.628456258784029664e-02,4.400135369448721079e-02,5.243296018714538320e-02,6.142676956280701539e-02,7.088934043599071089e-02,8.076020587895538227e-02,9.099917429859560869e-02,1.015794470085635837e-01,1.124835823646577193e-01,1.237009886265754144e-01,1.352262973667746060e-01,1.470582741093933166e-01,1.591990728780880993e-01,1.716537195745531097e-01,1.844297547666606807e-01,1.975369907583566231e-01,2.109873544508142906e-01,2.247947979311457622e-01,2.389752643843614521e-01,2.535467030262277266e-01,2.685291291650793166e-01,2.839447288035714667e-01,2.998180105098355863e-01,3.161760091641194759e-01,3.330485493893096116e-01,3.504685809930880858e-01,3.684726027119000769e-01,3.871011972352194075e-01,4.063997108270827052e-01,4.264191232198093484e-01,4.472171740698978049e-01,4.688598433822945832e-01,4.914233313254716684e-01,5.149967640006760661e-01,5.396859869660333153e-01,5.656190504850886480e-01,5.929544481581292548e-01,6.218940895584039730e-01,6.527050013769042369e-01,6.857586718504635748e-01,7.216108861884700243e-01,7.611940083102735066e-01,8.064454185854974533e-01,8.663053332954628871e-01,nan,nan,nan
2.069007494619989895e-02,2.179998954687201174e-02,2.701289425298480928e-02,3.382566221005012252e-02,4.162891349988639966e-02,5.014769070574542909e-02,5.923020397084877153e-02,6.878380086653956837e-02,7.874879271274104475e-02,8.908577033447162563e-02,9.976873262095597994e-02,1.107810598447203088e-01,1.221130144781947813e-01,1.337601225211850764e-01,1.457220920736761460e-01,1.580020764471579131e-01,1.706061667368257151e-01,1.835430447472889970e-01,1.968237517244419976e-01,2.104615445922506378e-01,2.244718224113688709e-01,2.388721107151183798e-01,2.536820985802807904e-01,2.689237255809777682e-01,2.846213191661908226e-01,3.008017872572270601e-01,3.174948721583181754e-01,3.347334780043718094e-01,3.525540877116495331e-01,3.709972919571911110e-01,3.901084630293172317e-01,4.099386193751721752e-01,4.305455460582345850e-01,4.519952695115523333e-01,4.743640308337624401e-01,4.977409839184074869e-01,5.222319798887646858e-01,5.479650409457481608e-01,5.750985840848039654e-01,6.038343736192168798e-01,6.344391934136595079e-01,6.672841470783299478e-01,7.029244192621533216e-01,7.422914181813757839e-01,7.873208900150281409e-01,8.469494562231005830e-01,nan,nan,nan,nan
1.847957609175576721e-02,1.967114468183162046e-02,2.497328682490795870e-02,3.187347551999564210e-02,3.976335865490465693e-02,4.836897371778858812e-02,5.753944439533520416e-02,6.718299008886918777e-02,7.724077800326623056e-02,8.767425637561787610e-02,9.845829554382712345e-02,1.095771719090492535e-01,1.210220782044268972e-01,1.327895143249224752e-01,1.448802152134978094e-01,1.572984237940671104e-01,1.700513945423429707e-01,1.831490585350687983e-01,1.966038061103192458e-01,2.104303590517970779e-01,2.246457158482082495e-01,2.392691586180306640e-01,2.543223174730813163e-01,2.698292901773531316e-01,2.858168204905813248e-01,3.023145413815921945e-01,3.193552931058909472e-01,3.369755325923473599e-01,3.552158558747167127e-01,3.741216661030601909e-01,3.937440328643357912e-01,4.141408079639705697e-01,4.353780949892818164e-01,4.575322177073153362e-01,4.806924127407670166e-01,5.049646082257266411e-01,5.304768906023302755e-01,5.573877202313315404e-01,5.858988729964018649e-01,6.162770984098318028e-01,6.488933999245229955e-01,6.843027646652084517e-01,7.234362513420393714e-01,7.682289862991427132e-01,8.276162783977962789e-01,nan,nan,nan,nan,nan
1.662981016867726147e-02,1.790446692186509203e-02,2.329657717928035332e-02,3.028433403156083337e-02,3.826054128138922650e-02,4.695233242979868216e-02,5.620983453818495512e-02,6.594222241700187226e-02,7.609159960986100479e-02,8.662035066185969079e-02,9.750429663522508505e-02,1.087286913943414923e-01,1.202857428379902061e-01,1.321730143573076610e-01,1.443923637735324839e-01,1.569492281008071366e-01,1.698521396886336632e-01,1.831124057996325050e-01,1.967439074953560851e-01,2.107629915863409309e-01,2.251884382461135647e-01,2.400414955433025632e-01,2.553459769998989159e-01,2.711284223268735083e-01,2.874183269564605236e-01,3.042484490150945131e-01,3.216552099168357159e-01,3.396792095005247702e-01,3.583658877161164380e-01,3.777663784990585860e-01,3.979386204747501488e-01,4.189488222284369900e-01,4.408734264122948776e-01,4.638017981784752219e-01,4.878399992682569408e-01,5.131162503675661402e-01,5.397891419851330586e-01,5.680605702841607929e-01,5.981973892709326890e-01,6.305706834343383083e-01,6.657354889163293876e-01,7.046228713292976842e-01,7.491679115837108771e-01,8.083058501694984077e-01,nan,nan,nan,nan,nan,nan
1.505079359365468772e-02,1.640963697003372523e-02,2.189221686391640276e-02,2.896756677609579889e-02,3.702977370394444634e-02,4.580716818064090035e-02,5.515097194868245900e-02,6.497140152104785571e-02,7.521158065585797914e-02,8.583491407106413895e-02,9.681825914460429061e-02,1.081479357583512435e-01,1.198172604168366018e-01,1.318249600532321875e-01,1.441741236436118179e-01,1.568715004970915317e-01,1.699270317069219161e-01,1.833535467072728853e-01,1.971665817355379158e-01,2.113842950653184172e-01,2.260274624036597846e-01,2.411195451725092198e-01,2.566868288477559545e-01,2.727586353657984741e-01,2.893676168638950053e-01,3.065501451508378938e-01,3.243468182891418028e-01,3.428031150083956646e-01,3.619702427009523493e-01,3.819062429119990387e-01,4.026774519350446724e-01,4.243604606887059205e-01,4.470447996592121775e-01,4.708367094471026526e-01,4.958645997964441499e-01,5.222872574092876086e-01,5.503067794296836457e-01,5.801902243086949351e-01,6.123088845049919904e-01,6.472180129554998551e-01,6.858489173180948306e-01,7.301370025245146334e-01,7.890182203956968010e-01,nan,nan,nan,nan,nan,nan,nan
1.368186766532808463e-02,1.512592799895551288e-02,2.069947983434383687e-02,2.786252172820513628e-02,3.601055297657906884e-02,4.487320492612689726e-02,5.430288845261710406e-02,6.421095215515459920e-02,7.454162920295326344e-02,8.525943430337368234e-02,9.634235368361787621e-02,1.077778705227538936e-01,1.195605132387527192e-01,1.316902835751927459e-01,1.441716232788667895e-01,1.570127280551538718e-01,1.702250968203202763e-01,1.838232485838586783e-01,1.978245648329213235e-01,2.122492325984737249e-01,2.271202737934001625e-01,2.424636552022221281e-01,2.583084783239806281e-01,2.746872563321374194e-01,2.916362900877322861e-01,3.091961644947227583e-01,3.274123941815314520e-01,3.463362643630305548e-01,3.660259306214448394e-01,3.865478747187309772e-01,4.079788600673881493e-01,4.304086129680846362e-01,4.539435899325725554e-01,4.787124346723414803e-01,5.048741836047627718e-01,5.326311990758074710e-01,5.622508214797066195e-01,5.941046478976506062e-01,6.287482724241744148e-01,6.671134155574343083e-01,7.111360680580172122e-01,7.697534367445493242e-01,nan,nan,nan,nan,nan,nan,nan,nan
1.248031703825946970e-02,1.401067981900427917e-02,1.967580484633035809e-02,2.692678775187484774e-02,3.516067381591447827e-02,4.410850323609771806e-02,5.362397571436794408e-02,6.361966798091178710e-02,7.404101807842500271e-02,8.485374822956548435e-02,9.603707472419165114e-02,1.075797508562605920e-01,1.194776319082719862e-01,1.317321192276956765e-01,1.443491442907038902e-01,1.573385013162591495e-01,1.707134178194282814e-01,1.844902953201315032e-01,1.986885808271154907e-01,2.133307440032852220e-01,2.284423486568043504e-01,2.440522139932519430e-01,2.601926700576828733e-01,2.768999167950783047e-01,2.942145071737141127e-01,3.121819826422846944e-01,3.308537057735279063e-01,3.502879530173645950e-01,3.705513648875751187e-01,3.917208968858614249e-01,4.138864971074127652e-01,4.371548700668270726e-01,4.616549317117162321e-01,4.875460138613445515e-01,5.150307983172197623e-01,5.443769720623481412e-01,5.759565154851640223e-01,6.103254632480887842e-01,6.484160826648079912e-01,6.921651517337203963e-01,7.505115456336350910e-01,nan,nan,nan,nan,nan,nan,nan,nan,nan
1.141499991791006252e-02,1.303286526776092913e-02,1.879030572922690823e-02,2.612965628390306883e-02,3.444964817104390065e-02,4.348284503434518555e-02,5.308434147421037252e-02,6.316804572860079681e-02,7.368070436082385655e-02,8.458935331754280362e-02,9.587455054142379751e-02,1.075264382502214566e-01,1.195423267734527784e-01,1.319251577079223470e-01,1.446825076302995505e-01,1.578259431389592571e-01,1.713706163666044446e-01,1.853350351883873426e-01,1.997409691640390506e-01,2.146134695945991488e-01,2.299809926736475774e-01,2.458756264607053765e-01,2.623334286207921195e-01,2.793948930867145020e-01,2.971055724145603705e-01,3.155169001513806748e-01,3.346872759004955178e-01,3.546835084501409607e-01,3.755827615301434719e-01,3.974752270957679912e-01,4.204678862705581999e-01,4.446899615543646878e-01,4.703011212392693707e-01,4.975044143850346767e-01,5.265679317645219903e-01,5.578641051608403956e-01,5.919494948464716355e-01,6.297570266199570277e-01,6.732244321777405283e-01,7.312925921126796069e-01,nan,nan,nan,nan,nan,nan,nan,nan,nan,nan
1.046256080702634428e-02,1.216927345321838771e-02,1.801993005563029548e-02,2.544825984600262991e-02,3.385482850715271219e-02,4.297384559214578736e-02,5.266191515797791212e-02,6.283438895600967911e-02,7.343943537382724429e-02,8.444552130435578619e-02,9.583466985585631370e-02,1.075985450412646482e-01,1.197360566503653523e-01,1.322518456243662044e-01,1.451553112137686785e-01,1.584599920708393839e-01,1.721831921465399873e-01,1.863457863820729976e-01,2.009721696726753937e-01,2.160903292236171502e-01,2.317320339275306118e-01,2.479331439159428996e-01,2.647340559550563910e-01,2.821803099431721140e-01,3.003233980215176402e-01,3.192218399409505469e-01,3.389426182905781459e-01,3.595631180777820735e-01,3.811737945677191597e-01,4.038819310858177136e-01,4.278170888468046940e-01,4.531393103294567570e-01,4.800520568582133940e-01,5.088238751533438187e-01,5.398277110293345782e-01,5.736207262967101261e-01,6.111366047115285305e-01,6.543141763455277982e-01,7.120966200489904363e-01,nan,nan,nan,nan,nan,nan,nan,nan,nan,nan,nan
9.605066613323387514e-03,1.140213201765671869e-02,1.734707058083029274e-02,2.486517596008441799e-02,3.335900701571037352e-02,4.256455148709314962e-02,5.234004735732900038e-02,6.260241260881671543e-02,7.330136208105164641e-02,8.440692372097235996e-02,9.590272391452292489e-02,1.077820976728749436e-01,1.200457180776406396e-01,1.327001068855055976e-01,1.457566898683790857e-01,1.592312090024758930e-01,1.731433848297416755e-01,1.875167661446897061e-01,2.023787318244165689e-01,2.177606296406122688e-01,2.336980490301467928e-01,2.502312382850671035e-01,2.674056903626178539e-01,2.852729361714032574e-01,3.038916072048227779e-01,3.233288609260109858e-01,3.436623131095806194e-01,3.649826996767320253e-01,3.873976297595409513e-01,4.110370334729904762e-01,4.360613641958581699e-01,4.626745382058274902e-01,4.911456086669936383e-01,5.218480944158845336e-01,5.553398307810886170e-01,5.925553512275865131e-01,6.354347170990082283e-01,6.929236720830744822e-01,nan,nan,nan,nan,nan,nan,nan,nan,nan,nan,nan,nan
8.828471014419525531e-03,1.071756517769606454e-02,1.675801909727625549e-02,2.436687877493604049e-02,3.294886728611223781e-02,4.224189461701399750e-02,5.210596884860696498e-02,6.245970947103596238e-02,7.325451611436761823e-02,8.446212285080045845e-02,9.606791485717702805e-02,1.080670670694350299e-01,1.204622024728116969e-01,1.332619323730672711e-01,1.464799446654234671e-01,1.601344542809122196e-01,1.742479097399507459e-01,1.888468970733749863e-01,2.039622087455295052e-01,2.196290660843849274e-01,2.358875004049119095e-01,2.527829110355916953e-01,2.703668379236874308e-01,2.886980089194266519e-01,3.078437528315145499e-01,3.278819220053028616e-01,3.489035476216704179e-01,3.710165870246833197e-01,3.943513680920263109e-01,4.190687910442814079e-01,4.453732696651975242e-01,4.735344129907326227e-01,5.039263712632164882e-01,5.371077230868124275e-01,5.740139402386452705e-01,6.165864419521260853e-01,6.737737896346946975e-01,nan,nan,nan,nan,nan,nan,nan,nan,nan,nan,nan,nan,nan
8.121582834129004169e-03,1.010455964339795898e-02,1.624193112235605696e-02,2.394270412111021429e-02,3.261395154196367052e-02,4.199566328048010000e-02,5.194976780439852782e-02,6.239673594312811211e-02,7.328980669736151476e-02,8.460258330140990601e-02,9.632238550326821525e-02,1.084464209915403377e-01,1.209794767801495308e-01,1.339324948920685987e-01,1.473217003432398808e-01,1.611680974801852351e-01,1.754972318221739158e-01,1.903391617034939642e-01,2.057286119035608429e-01,2.217053047716415204e-01,2.383144826105900727e-01,2.556076531355842008e-01,2.736436162025106533e-01,2.924898620824560869e-01,3.122244816880077600e-01,3.329388131567641018e-01,3.547411825947666131e-01,3.777623443345146104e-01,4.021636809119653044e-01,4.281501464945882685e-01,4.559919562938925530e-01,4.860639506503179330e-01,5.189255213935635158e-01,5.555131667183870192e-01,5.977697882645518490e-01,6.546470129305816954e-01,nan,nan,nan,nan,nan,nan,nan,nan,nan,nan,nan,nan,nan,nan
7.475352941994417577e-03,9.554251018590864675e-03,1.579011270694774538e-02,2.358413790242641639e-02,3.234595185504329784e-02,4.181779818013220407e-02,5.186369236735322019e-02,6.240612379252485908e-02,7.340034425920904937e-02,8.482201074536299679e-02,9.666057780362580232e-02,1.089155069006226828e-01,1.215939966937791272e-01,1.347096009724433330e-01,1.482814046017846277e-01,1.623335764650273294e-01,1.768952003391626171e-01,1.920003323115286875e-01,2.076882635784289555e-01,2.240039937095439360e-01,2.409989409723503062e-01,2.587319420717912877e-01,2.772706307895203004e-01,2.966933332383796529e-01,3.170917030004596349e-01,3.385744539583173118e-01,3.612727945221236858e-01,3.853486257345677402e-01,4.110074859942651759e-01,4.385202484045289673e-01,4.682625037819001523e-01,5.007945291672397659e-01,5.370539387356354499e-01,5.789852421310457409e-01,6.355433810217261392e-01,nan,nan,nan,nan,nan,nan,nan,nan,nan,nan,nan,nan,nan,nan,nan
6.882369054889370119e-03,9.059419254961120771e-03,1.539551706282704657e-02,2.328431482514581319e-02,3.213821234229685686e-02,4.170189967245896412e-02,5.184166502208253924e-02,6.248220407385329800e-02,7.358097743009350822e-02,8.511590571902649671e-02,9.707880785867950557e-02,1.094716544780116596e-01,1.223043442194271524e-01,1.355933724943725327e-01,1.493610661689199759e-01,1.636352070966760053e-01,1.784489501909156672e-01,1.938409910468616992e-01,2.098559714682965982e-01,2.265451418204773582e-01,2.439673256195167284e-01,2.621902721158002603e-01,2.812925324413617645e-01,3.013660799353965469e-01,3.225200326363248937e-01,3.448860804355267096e-01,3.686266794588020090e-01,3.939479977611459738e-01,4.211216203017014159e-01,4.505239517337815691e-01,4.827162293852189645e-01,5.186372762582771578e-01,5.602333397374614776e-01,6.164629317683312237e-01,nan,nan,nan,nan,nan,nan,nan,nan,nan,nan,nan,nan,nan,nan,nan,nan
6.336490022689655888e-03,8.614124247340315677e-03,1.505238178857659648e-02,2.303765804503310477e-02,3.198537258889433410e-02,4.164287662613408436e-02,5.187893935343446117e-02,6.262067463669329648e-02,7.382797464382195862e-02,8.548126413260415113e-02,9.757499133358016330e-02,1.101139331676721511e-01,1.231110265104755630e-01,1.365860987355054235e-01,1.505651754389796260e-01,1.650801926991514179e-01,1.801690271045996994e-01,1.958758069159096671e-01,2.122515077741653489e-01,2.293548701605649942e-01,2.472537171438531356e-01,2.660268053808774180e-01,2.857664266153574495e-01,3.065821167362132726e-01,3.286060732519366923e-01,3.520013447021419495e-01,3.769747761187358659e-01,4.037987213860976254e-01,4.328504661405130349e-01,4.646922874535059922e-01,5.002643153620616179e-01,5.415146705799205318e-01,5.974057019753742370e-01,nan,nan,nan,nan,nan,nan,nan,nan,nan,nan,nan,nan,nan,nan,nan,nan,nan
5.832576069617179115e-03,8.213437812852442121e-03,1.475596273530910274e-02,2.283961577637150242e-02,3.188310833340901596e-02,4.163669319629459409e-02,5.197185543117899265e-02,6.281836762381654005e-02,7.413880834924779784e-02,8.591638372272902835e-02,9.814847926744207918e-02,1.108430265274729098e-01,1.240164006668822427e-01,1.376922272677767456e-01,1.519007815407706907e-01,1.666788142976358689e-01,1.820697273726954446e-01,1.981240756515960655e-01,2.149004195608210654e-01,2.324665958231313390e-01,2.509015350655423582e-01,2.702978383596319478e-01,2.907654686170890734e-01,3.124371557269294275e-01,3.354765784486188895e-01,3.600913085701284988e-01,3.865545293923289272e-01,4.152444796611793887e-01,4.467245611479864209e-01,4.819363160417517999e-01,5.228298820909027533e-01,5.783717272997999093e-01,nan,nan,nan,nan,nan,nan,nan,nan,nan,nan,nan,nan,nan,nan,nan,nan,nan,nan
5.366286430917632799e-03,7.853243448935565141e-03,1.450233592465455246e-02,2.268646620193881525e-02,3.182794087637708103e-02,4.168018513117188739e-02,5.211766619655655575e-02,6.307309014200823682e-02,7.451201536332829889e-02,8.642075120405023902e-02,9.879998119543542678e-02,1.116612032232935370e-01,1.250247080738580152e-01,1.389184818259090459e-01,1.533777210139448677e-01,1.684448067595096798e-01,1.841696722102708073e-01,2.006105631853007942e-01,2.178352445825415540e-01,2.359227723244008423e-01,2.549660371455984009e-01,2.750754321843866812e-01,2.963842418794235822e-01,3.190568133354632074e-01,3.433014971695604878e-01,3.693923710707689434e-01,3.977087044398510685e-01,4.288151161285411739e-01,4.636546734772559741e-01,5.041796862213401287e-01,5.593610421513621755e-01,nan,nan,nan,nan,nan,nan,nan,nan,nan,nan,nan,nan,nan,nan,nan,nan,nan,nan,nan
4.933925265774741220e-03,7.530084691206528902e-03,1.428824825328889325e-02,2.257517152240429148e-02,3.181709638276664087e-02,4.177092707194840493e-02,5.231441671446113162e-02,6.338352070199326782e-02,7.494711742361936935e-02,8.699499599153415197e-02,9.953156383687677966e-02,1.125723760372225879e-01,1.261422144410773161e-01,1.402741104569553698e-01,1.550090112793169883e-01,1.703959484072501418e-01,1.864926656408156802e-01,2.033667350288270725e-01,2.210972658096581611e-01,2.397774036762234662e-01,2.595179665253191104e-01,2.804528114848645615e-01,3.027469917453533554e-01,3.266096913195601914e-01,3.523159520955867485e-01,3.802461583085929853e-01,4.109662467515446949e-01,4.454209330953360357e-01,4.855648667166909682e-01,5.403736800645400074e-01,nan,nan,nan,nan,nan,nan,nan,nan,nan,nan,nan,nan,nan,nan,nan,nan,nan,nan,nan,nan
4.532322740785632575e-03,7.241048996118104597e-03,1.411100408027898823e-02,2.250326830603333050e-02,3.184840234630881284e-02,4.190713867217921162e-02,5.256086480965960206e-02,6.374915108029077793e-02,7.544459321704866106e-02,8.764090397589474613e-02,1.003467222164511341e-01,1.135822510776089977e-01,1.273774640345817222e-01,1.417712827889341387e-01,1.568114416423040947e-01,1.725549189054755850e-01,1.890689224407953173e-01,2.064325096843666607e-01,2.247390254787988706e-01,2.440996944714219907e-01,2.646489583140294588e-01,2.865526126978177324e-01,3.100207317023822018e-01,3.353293965155932366e-01,3.628601985295052401e-01,3.931805027018917542e-01,4.272368088469438163e-01,4.669862891328226961e-01,5.214096733243596127e-01,nan,nan,nan,nan,nan,nan,nan,nan,nan,nan,nan,nan,nan,nan,nan,nan,nan,nan,nan,nan,nan
4.158742138004045685e-03,6.983678058838815872e-03,1.396837856127253197e-02,2.246878533178309212e-02,3.192021275208301034e-02,4.208762149526168450e-02,5.285643618024726820e-02,6.417026815619930602e-02,7.600589835002002914e-02,8.836149136032256379e-02,1.012505275467618926e-01,1.146985773854258817e-01,1.287416692269500729e-01,1.434256705968737222e-01,1.588064189707130147e-01,1.749505138627747147e-01,1.919368084638870542e-01,2.098587607325179683e-01,2.288279659210017414e-01,2.489794523100568036e-01,2.704797912303384955e-01,2.935400056908097355e-01,3.184372966455519816e-01,3.455545635750414402e-01,3.754607220879089269e-01,4.091042059024327937e-01,4.484449118528144318e-01,5.024690532038353918e-01,nan,nan,nan,nan,nan,nan,nan,nan,nan,nan,nan,nan,nan,nan,nan,nan,nan,nan,nan,nan,nan,nan
3.810806484233930647e-03,6.755898172064789264e-03,1.385855151668891061e-02,2.247018280539503365e-02,3.203135631225473290e-02,4.231172207826050524e-02,5.320121028944546637e-02,6.464797402655175773e-02,7.663353496488589656e-02,8.916114400676256047e-02,1.022498647508567338e-01,1.159315202241286702e-01,1.302492715389813593e-01,1.452572710143291701e-01,1.610211580521003771e-01,1.776193602124072068e-01,1.951453186993539202e-01,2.137109364801270672e-01,2.334518163147474290e-01,2.545353322122223538e-01,2.771735153670562557e-01,3.016447733194720371e-01,3.283334247005373907e-01,3.578100713975911340e-01,3.910252480047788914e-01,4.299418001423320757e-01,4.835518499428879124e-01,nan,nan,nan,nan,nan,nan,nan,nan,nan,nan,nan,nan,nan,nan,nan,nan,nan,nan,nan,nan,nan,nan,nan
3.486440033673154915e-03,6.555966036170479683e-03,1.378005738513299328e-02,2.250630879174719823e-02,3.218110428146481183e-02,4.257931859576480349e-02,5.359593658405303884e-02,6.518424660002697379e-02,7.733117724818949767e-02,9.004583582160563537e-02,1.033537812117846233e-01,1.172941934352615956e-01,1.319187323195274431e-01,1.472915620845307583e-01,1.634903606674555920e-01,1.806083584480333570e-01,1.987576638208732316e-01,2.180744192899140010e-01,2.387268189114508665e-01,2.609279603853194018e-01,2.849575500506096315e-01,3.112014479993796545e-01,3.402320940202023802e-01,3.730023107525326509e-01,4.114781426601097358e-01,4.646580927821397644e-01,nan,nan,nan,nan,nan,nan,nan,nan,nan,nan,nan,nan,nan,nan,nan,nan,nan,nan,nan,nan,nan,nan,nan,nan
3.183821148565524339e-03,6.382426774608207509e-03,1.373174814945854472e-02,2.257637030409287426e-02,3.236915598714018572e-02,4.289083067266741267e-02,5.404208312097935618e-02,6.578204701400935939e-02,7.810386508485711587e-02,9.102344671753836991e-02,1.045739828489165024e-01,1.188034085522922112e-01,1.337736428646845166e-01,1.495611335073623316e-01,1.662586093343314531e-01,1.839782230474815705e-01,2.028565886489031023e-01,2.230627207112918509e-01,2.448108375566473427e-01,2.683820418815612285e-01,2.941638699683761793e-01,3.227307693649548170e-01,3.550380617525490390e-01,3.930552717682214148e-01,4.457878098531753430e-01,nan,nan,nan,nan,nan,nan,nan,nan,nan,nan,nan,nan,nan,nan,nan,nan,nan,nan,nan,nan,nan,nan,nan,nan,nan
2.901344065647126769e-03,6.234081775157163108e-03,1.371276729332837618e-02,2.267991760924736866e-02,3.259564193615416272e-02,4.324725462031464573e-02,5.454192302350446830e-02,6.644548453972776159e-02,7.895828564950280182e-02,9.210421479151364998e-02,1.059255321930903104e-01,1.204807282393400847e-01,1.358442943250068868e-01,1.521080182244038959e-01,1.693838466135431098e-01,1.878087447723855163e-01,2.075525216553928409e-01,2.288305612076242390e-01,2.519254635134575704e-01,2.772265891432819096e-01,3.053105845760186732e-01,3.371355097127131106e-01,3.746746878526849844e-01,4.269410283025469877e-01,nan,nan,nan,nan,nan,nan,nan,nan,nan,nan,nan,nan,nan,nan,nan,nan,nan,nan,nan,nan,nan,nan,nan,nan,nan,nan
2.637587621587611508e-03,6.109964757968322502e-03,1.372253327014849589e-02,2.281684103975445410e-02,3.286114546141560844e-02,4.365022788283057231e-02,5.509866812711750050e-02,6.718005722711284378e-02,7.990317466881724506e-02,9.330137411419037186e-02,1.074278335356360081e-01,1.223539615630928612e-01,1.381699308453856467e-01,1.549870925555150158e-01,1.729425626994396392e-01,1.922068757007724393e-01,2.129966085161738576e-01,2.355959602783015416e-01,2.603962778546697887e-01,2.879766222818711530e-01,3.192980645629908132e-01,3.563380897086352306e-01,4.081177744008939179e-01,nan,nan,nan,nan,nan,nan,nan,nan,nan,nan,nan,nan,nan,nan,nan,nan,nan,nan,nan,nan,nan,nan,nan,nan,nan,nan,nan
2.391289514175110043e-03,6.009324977306329529e-03,1.376073218624274119e-02,2.298738121921539701e-02,3.316674619472892438e-02,4.410213056961431732e-02,5.571666536409281001e-02,6.799299617153420350e-02,8.094988497634214575e-02,9.463205924641782119e-02,1.091060380463184654e-01,1.244593201999559806e-01,1.408020503510696297e-01,1.582711675243753113e-01,1.770377938613514335e-01,1.973196957022702591e-01,2.194027678427996619e-01,2.436805190419211176e-01,2.707346685374885098e-01,3.015296114438845709e-01,3.380474113273015391e-01,3.893180732535492794e-01,nan,nan,nan,nan,nan,nan,nan,nan,nan,nan,nan,nan,nan,nan,nan,nan,nan,nan,nan,nan,nan,nan,nan,nan,nan,nan,nan,nan
2.161324974051304082e-03,5.931616879875534210e-03,1.382731952388582819e-02,2.319215431826604501e-02,3.351409075528000159e-02,4.460623624293824641e-02,5.640167941228790838e-02,6.889375637791506080e-02,8.211319778336556574e-02,9.611860338209443633e-02,1.109930821675417789e-01,1.268445951999070953e-01,1.438093714608355000e-01,1.620588711265749104e-01,1.818119927558188298e-01,2.033564080246748063e-01,2.270879749349326016e-01,2.535913465327084282e-01,2.838346029850220553e-01,3.198048684986629642e-01,3.705419491737147464e-01,nan,nan,nan,nan,nan,nan,nan,nan,nan,nan,nan,nan,nan,nan,nan,nan,nan,nan,nan,nan,nan,nan,nan,nan,nan,nan,nan,nan,nan
1.946689011605329256e-03,5.876496037710454701e-03,1.392253186074565718e-02,2.343219583144584561e-02,3.390549940340070734e-02,4.516693092630008621e-02,5.716129928551971773e-02,6.989472265978147192e-02,8.341249563179897741e-02,9.779043479229110325e-02,1.131327107186250736e-01,1.295739658702901309e-01,1.472855638835657288e-01,1.664873864581541962e-01,1.874689304008470003e-01,2.106285971830024195e-01,2.365542840498620070e-01,2.662181749921197493e-01,3.016130169215716084e-01,3.517894254384967834e-01,nan,nan,nan,nan,nan,nan,nan,nan,nan,nan,nan,nan,nan,nan,nan,nan,nan,nan,nan,nan,nan,nan,nan,nan,nan,nan,nan,nan,nan,nan
1.746481575340075310e-03,5.843821555341577323e-03,1.404691028222249116e-02,2.370902841894118040e-02,3.434412298766154059e-02,4.579003097103617748e-02,5.800552730534791479e-02,7.101223835113157357e-02,8.487349002085475824e-02,9.968691173919874693e-02,1.155840864245718524e-01,1.327355317335532359e-01,1.513618053914052020e-01,1.717542131425353613e-01,1.943138896207725619e-01,2.196323244632365501e-01,2.486862932058322428e-01,2.834748262963300292e-01,3.330605243713298247e-01,nan,nan,nan,nan,nan,nan,nan,nan,nan,nan,nan,nan,nan,nan,nan,nan,nan,nan,nan,nan,nan,nan,nan,nan,nan,nan,nan,nan,nan,nan,nan
1.559895089618734687e-03,5.833665663890874598e-03,1.420133855161065384e-02,2.402476318290980295e-02,3.483417261238619389e-02,4.648324778657730860e-02,5.894764621483639111e-02,7.226813530350351122e-02,8.653082780684107078e-02,1.018616817892894488e-01,1.184290643503540519e-01,1.364536246533645247e-01,1.562283398454249461e-01,1.781572412612091316e-01,2.028357960045923392e-01,2.312459415240388783e-01,2.653937756837301265e-01,3.143552674067429109e-01,nan,nan,nan,nan,nan,nan,nan,nan,nan,nan,nan,nan,nan,nan,nan,nan,nan,nan,nan,nan,nan,nan,nan,nan,nan,nan,nan,nan,nan,nan,nan,nan
1.386203992024270804e-03,5.846331861187881174e-03,1.438710087914762958e-02,2.438224894744811522e-02,3.538125853953211220e-02,4.725687885282026102e-02,6.000552217709032021e-02,7.369206648271831028e-02,8.843213942330496735e-02,1.043896241193693619e-01,1.217841751235315684e-01,1.409100768541049487e-01,1.621743517663802869e-01,1.861768591451280486e-01,2.139053665970076512e-01,2.473739778582062510e-01,2.956736750950448300e-01,nan,nan,nan,nan,nan,nan,nan,nan,nan,nan,nan,nan,nan,nan,nan,nan,nan,nan,nan,nan,nan,nan,nan,nan,nan,nan,nan,nan,nan,nan,nan,nan,nan
1.224755925800957712e-03,5.882383825039472214e-03,1.460596746460907092e-02,2.478529373074578324e-02,3.599289875115263548e-02,4.812485786767939366e-02,6.120361513919658769e-02,7.532517115313441813e-02,9.064455511738289673e-02,1.073783932026413090e-01,1.258214841043170384e-01,1.463837819065307855e-01,1.696699605236069441e-01,1.966743999780617980e-01,2.294203439221373930e-01,2.770157670678754513e-01,nan,nan,nan,nan,nan,nan,nan,nan,nan,nan,nan,nan,nan,nan,nan,nan,nan,nan,nan,nan,nan,nan,nan,nan,nan,nan,nan,nan,nan,nan,nan,nan,nan,nan
1.074964365968544833e-03,5.942688739759560690e-03,1.486032079845500675e-02,2.523899895200032439e-02,3.667930039883149362e-02,4.910639626551627224e-02,6.257618008437892954e-02,7.722605022215467407e-02,9.326566510515954533e-02,1.109887058798439963e-01,1.308076738231791492e-01,1.533324346205156008e-01,1.795648889673187032e-01,2.115388048223159068e-01,2.583815620320448758e-01,nan,nan,nan,nan,nan,nan,nan,nan,nan,nan,nan,nan,nan,nan,nan,nan,nan,nan,nan,nan,nan,nan,nan,nan,nan,nan,nan,nan,nan,nan,nan,nan,nan,nan,nan
9.363024728448188228e-04,6.028480797918067680e-03,1.515334481340313566e-02,2.575027632893522878e-02,3.745459703551357045e-02,5.022863640954811082e-02,6.417256464348519707e-02,7.948095623850903735e-02,9.644301053841264348e-02,1.154727073226737843e-01,1.371853134350971004e-01,1.625912836667595673e-01,1.937366151276194159e-01,2.397710778527224473e-01,nan,nan,nan,nan,nan,nan,nan,nan,nan,nan,nan,nan,nan,nan,nan,nan,nan,nan,nan,nan,nan,nan,nan,nan,nan,nan,nan,nan,nan,nan,nan,nan,nan,nan,nan,nan
8.082980520265348190e-04,6.141454323034034601e-03,1.548931528548735947e-02,2.632867394880022971e-02,3.833888000332774659e-02,5.153111813286059828e-02,6.606639432628469422e-02,8.222218433902872547e-02,1.004113885810926643e-01,1.212544355023925657e-01,1.457714515169907799e-01,1.760227783772874144e-01,2.211843315675576793e-01,nan,nan,nan,nan,nan,nan,nan,nan,nan,nan,nan,nan,nan,nan,nan,nan,nan,nan,nan,nan,nan,nan,nan,nan,nan,nan,nan,nan,nan,nan,nan,nan,nan,nan,nan,nan,nan
6.905295281232071147e-04,6.283902226712823058e-03,1.587406097855303955e-02,2.698775018901788947e-02,3.936168317138943884e-02,5.307367750338376489e-02,6.837245639191880109e-02,8.566381849924487035e-02,1.055719940367436660e-01,1.291278340651986767e-01,1.584086573098946182e-01,2.026213393186280243e-01,nan,nan,nan,nan,nan,nan,nan,nan,nan,nan,nan,nan,nan,nan,nan,nan,nan,nan,nan,nan,nan,nan,nan,nan,nan,nan,nan,nan,nan,nan,nan,nan,nan,nan,nan,nan,nan,nan
5.826229017156236978e-04,6.458927581848405985e-03,1.631572913788548185e-02,2.774747226896145946e-02,4.056828663446543359e-02,5.495129597812353772e-02,7.128017330875735524e-02,9.017874486884647212e-02,1.126891306780328783e-01,1.409088743951623091e-01,1.840821164409374155e-01,nan,nan,nan,nan,nan,nan,nan,nan,nan,nan,nan,nan,nan,nan,nan,nan,nan,nan,nan,nan,nan,nan,nan,nan,nan,nan,nan,nan,nan,nan,nan,nan,nan,nan,nan,nan,nan,nan,nan
4.842497211627883047e-04,6.670779360067768948e-03,1.682612704717745267e-02,2.863865772036566781e-02,4.203189237895355035e-02,5.732429657702287074e-02,7.512723424065748112e-02,9.649282215926846540e-02,1.235426845280669372e-01,1.655666774331594482e-01,nan,nan,nan,nan,nan,nan,nan,nan,nan,nan,nan,nan,nan,nan,nan,nan,nan,nan,nan,nan,nan,nan,nan,nan,nan,nan,nan,nan,nan,nan,nan,nan,nan,nan,nan,nan,nan,nan,nan,nan
3.951261899289848500e-04,6.925413711934891303e-03,1.742323739349926903e-02,2.971181791609689427e-02,4.387919253272065667e-02,6.048665479321724270e-02,8.058908099714146012e-02,1.063361501926285424e-01,1.470750359749954939e-01,nan,nan,nan,nan,nan,nan,nan,nan,nan,nan,nan,nan,nan,nan,nan,nan,nan,nan,nan,nan,nan,nan,nan,nan,nan,nan,nan,nan,nan,nan,nan,nan,nan,nan,nan,nan,nan,nan,nan,nan,nan
3.150136636869138584e-04,7.231498876612008075e-03,1.813634758820503734e-02,3.105646895477742753e-02,4.635043008223793670e-02,6.504707240457485717e-02,8.932575268164755222e-02,1.286072049659841010e-01,nan,nan,nan,nan,nan,nan,nan,nan,nan,nan,nan,nan,nan,nan,nan,nan,nan,nan,nan,nan,nan,nan,nan,nan,nan,nan,nan,nan,nan,nan,nan,nan,nan,nan,nan,nan,nan,nan,nan,nan,nan,nan
2.437210372854270446e-04,7.602387531845833379e-03,1.901769459150426389e-02,3.284880032708326070e-02,4.996558687527419274e-02,7.256473911352379069e-02,1.101631964975420264e-01,nan,nan,nan,nan,nan,nan,nan,nan,nan,nan,nan,nan,nan,nan,nan,nan,nan,nan,nan,nan,nan,nan,nan,nan,nan,nan,nan,nan,nan,nan,nan,nan,nan,nan,nan,nan,nan,nan,nan,nan,nan,nan,nan
1.811099750017586274e-04,8.060503097728544120e-03,2.017295532741336661e-02,3.549202571398235584e-02,5.613510420150280567e-02,9.174302190202721086e-02,nan,nan,nan,nan,nan,nan,nan,nan,nan,nan,nan,nan,nan,nan,nan,nan,nan,nan,nan,nan,nan,nan,nan,nan,nan,nan,nan,nan,nan,nan,nan,nan,nan,nan,nan,nan,nan,nan,nan,nan,nan,nan,nan,nan
1.271049224192966065e-04,8.648971046492204273e-03,2.185911441847920855e-02,4.017239187545529333e-02,7.334669171349172956e-02,nan,nan,nan,nan,nan,nan,nan,nan,nan,nan,nan,nan,nan,nan,nan,nan,nan,nan,nan,nan,nan,nan,nan,nan,nan,nan,nan,nan,nan,nan,nan,nan,nan,nan,nan,nan,nan,nan,nan,nan,nan,nan,nan,nan,nan
8.171221876163148323e-05,9.471730104715136989e-03,2.492373939490721835e-02,5.497421575549910067e-02,nan,nan,nan,nan,nan,nan,nan,nan,nan,nan,nan,nan,nan,nan,nan,nan,nan,nan,nan,nan,nan,nan,nan,nan,nan,nan,nan,nan,nan,nan,nan,nan,nan,nan,nan,nan,nan,nan,nan,nan,nan,nan,nan,nan,nan,nan
4.505956014294598688e-05,1.090947847847090202e-02,3.662560444987650321e-02,nan,nan,nan,nan,nan,nan,nan,nan,nan,nan,nan,nan,nan,nan,nan,nan,nan,nan,nan,nan,nan,nan,nan,nan,nan,nan,nan,nan,nan,nan,nan,nan,nan,nan,nan,nan,nan,nan,nan,nan,nan,nan,nan,nan,nan,nan,nan
1.749358431057945751e-05,1.830102055876181577e-02,nan,nan,nan,nan,nan,nan,nan,nan,nan,nan,nan,nan,nan,nan,nan,nan,nan,nan,nan,nan,nan,nan,nan,nan,nan,nan,nan,nan,nan,nan,nan,nan,nan,nan,nan,nan,nan,nan,nan,nan,nan,nan,nan,nan,nan,nan,nan,nan
2.220446049250313081e-16,nan,nan,nan,nan,nan,nan,nan,nan,nan,nan,nan,nan,nan,nan,nan,nan,nan,nan,nan,nan,nan,nan,nan,nan,nan,nan,nan,nan,nan,nan,nan,nan,nan,nan,nan,nan,nan,nan,nan,nan,nan,nan,nan,nan,nan,nan,nan,nan,nan
