6.270862756393175141e-02,6.170574897334892006e-02,5.976759764191064139e-02,5.689623918396088942e-02,5.315986909802450366e-02,4.867251755868989838e-02,4.356580882963512202e-02,3.796635158310851521e-02,3.198377517251160818e-02,2.570740900036455612e-02,1.920769327501137269e-02,1.253935194563743361e-02,5.744749152390926650e-03,-1.143200924283716002e-03,-8.098719506741680618e-03,-1.510139710897573373e-02,-2.213487213784604002e-02,-2.918584970224186170e-02,-3.624337334778987563e-02,-4.329828287458908909e-02,-5.034280810556573948e-02,-5.737026241296755424e-02,-6.437480958915731133e-02,-7.135128511541344309e-02,-7.829505783787188422e-02,-8.520192210650795461e-02,-9.206801305671413749e-02,-9.888973938618139670e-02,-1.056637296613370247e-01,-1.123867892219976294e-01,-1.190558651800535106e-01,-1.256680178761026001e-01,-1.322203975752026528e-01,-1.387102251457468238e-01,-1.451347759885255329e-01,-1.514913667094834882e-01,-1.577773439553843415e-01,-1.639900749684100045e-01,-1.701269395823628017e-01,-1.761853236065442641e-01,-1.821626131208844424e-01,-1.880561895674885964e-01,-1.938634257255547055e-01,-1.995816822955475134e-01,-2.052083049897858169e-01,-2.107406220750940307e-01,-2.161759425410767488e-01,-2.215115545566794797e-01,-2.267447241744172670e-01,-2.318726945728877276e-01
5.549288556494386127e-02,5.719929295651468570e-02,5.830701297123890015e-02,5.866208896100807979e-02,5.811131889552123564e-02,5.654186481001607922e-02,5.392292641442714141e-02,5.032057080496341039e-02,4.587304293029287328e-02,4.074632784779919081e-02,3.509791033355796896e-02,2.905942255227134119e-02,2.273366853047492642e-02,1.619836773446481359e-02,9.511619899658541044e-03,2.716919682589302720e-03,-4.152883969027965083e-03,-1.107265635729032249e-02,-1.802286601866126547e-02,-2.498807904439731553e-02,-3.195588502929469499e-02,-3.891612657419746268e-02,-4.586034192216459360e-02,-5.278135783434356743e-02,-5.967298891885919332e-02,-6.652981319035305985e-02,-7.334700285158013422e-02,-8.012019524123170644e-02,-8.684539345612529715e-02,-9.351888922472184618e-02,-1.001372023479766282e-01,-1.066970327219776138e-01,-1.131952221970085048e-01,-1.196287238608193526e-01,-1.259945771207453546e-01,-1.322898875381425254e-01,-1.385118102448429367e-01,-1.446575361702943097e-01,-1.507242807928219630e-01,-1.567092747426047650e-01,-1.626097558921894004e-01,-1.684229629019584618e-01,-1.741461298067570329e-01,-1.797764813661067995e-01,-1.853112294123894221e-01,-1.907475697592687647e-01,-1.960826797736719973e-01,-2.013137163545876129e-01,-2.064378145641394546e-01,nan
4.086577676758619548e-02,4.392044165803357658e-02,4.675194672711752153e-02,4.929167510070564528e-02,5.144371986409973507e-02,5.307630100535093431e-02,5.401737310385287816e-02,5.406625544704299346e-02,5.303675212915393011e-02,5.082843361696504081e-02,4.747961556397811700e-02,4.315081154988764656e-02,3.805494196917991179e-02,3.239393737902696024e-02,2.633030081065423911e-02,1.998473820857116223e-02,1.344401365732289522e-02,6.770095640220130662e-03,7.596601355630561159e-06,-6.810863282650403416e-03,-1.366096527013938022e-02,-2.052418965873531453e-02,-2.738611823333025885e-02,-3.423527331651221584e-02,-4.106231404990223766e-02,-4.785947254117983718e-02,-5.462015250400720223e-02,-6.133863947098694425e-02,-6.800988881651504059e-02,-7.462936856892532500e-02,-8.119294134945220787e-02,-8.769677480590909457e-02,-9.413727282146766573e-02,-1.005110220389285880e-01,-1.068147500914462533e-01,-1.130452925968142841e-01,-1.191995667689288441e-01,-1.252745503553349682e-01,-1.312672646382554431e-01,-1.371747604809918641e-01,-1.429941070866441732e-01,-1.487223828276783566e-01,-1.543566676170013974e-01,-1.598940367794173811e-01,-1.653315561143692269e-01,-1.706662777075732551e-01,-1.758952368460576787e-01,-1.810154494672828740e-01,nan,nan
2.258561567843762885e-02,2.614941157068070843e-02,2.962614479355799024e-02,3.299741505683709275e-02,3.623797359479860591e-02,3.931230638053428983e-02,4.216926099182996546e-02,4.473368955844875261e-02,4.689411807464910487e-02,4.848727811618913641e-02,4.928778083760432249e-02,4.902815647756797457e-02,4.748359935951451671e-02,4.459779845412503718e-02,4.052713626780490852e-02,3.554643246930938583e-02,2.992690698785271941e-02,2.387915777442101151e-02,1.755043070493850221e-02,1.104010426853435645e-02,4.415244138092300208e-03,-2.278120336158706571e-03,-9.007611284918781713e-03,-1.574981134609954037e-02,-2.248728756615436808e-02,-2.920668127098702271e-02,-3.589746079952826907e-02,-4.255109120503353104e-02,-4.916047077454854808e-02,-5.571954126295985965e-02,-6.222301327602641763e-02,-6.866616967709104902e-02,-7.504472253080141098e-02,-8.135470746703865608e-02,-8.759240471659934801e-02,-9.375427914998857304e-02,-9.983693442216412528e-02,-1.058370775395223173e-01,-1.117514910572094955e-01,-1.175770112515004406e-01,-1.233105109015446565e-01,-1.289488853955073067e-01,-1.344890417305555363e-01,-1.399278898187444886e-01,-1.452623354161006741e-01,-1.504892745743454663e-01,-1.556055894666458217e-01,nan,nan,nan
2.598089206984899313e-03,6.353927489304272980e-03,1.006285379205232311e-02,1.371940339790989061e-02,1.731673266495020735e-02,2.084605029622482730e-02,2.429574581600385530e-02,2.765001851373743991e-02,3.088666013215102257e-02,3.397336879785994856e-02,3.686147335774325740e-02,3.947511990842056395e-02,4.169301311732431792e-02,4.332079576401609566e-02,4.406421880285388282e-02,4.355474673288012299e-02,4.151369880259259126e-02,3.797523812892589223e-02,3.326746658355383968e-02,2.777776430860579016e-02,2.180335902460106556e-02,1.553743144054731129e-02,9.099908906332720981e-03,2.565833711301812592e-03,-4.016418001500765556e-03,-1.061446466469695427e-02,-1.720575363166843008e-02,-2.377394592300674514e-02,-3.030674234604369133e-02,-3.679453890218853385e-02,-4.322957163637697331e-02,-4.960535820764022663e-02,-5.591632389003164949e-02,-6.215754580951626806e-02,-6.832457405070624379e-02,-7.441330432788628713e-02,-8.041988588465209808e-02,-8.634065364151877198e-02,-9.217207766775603606e-02,-9.791072519737809010e-02,-1.035532315402025727e-01,-1.090962778248145693e-01,-1.145365737356855984e-01,-1.198708441120736046e-01,-1.250958187208026651e-01,-1.302082242760583819e-01,nan,nan,nan,nan
-1.825897629165859626e-02,-1.442834788408217661e-02,-1.063293172286519650e-02,-6.875060407909361349e-03,-3.157366194708743912e-03,5.171284655620944637e-04,4.144882017563189525e-03,7.721646379754698586e-03,1.124218791482295421e-02,1.469986068356121667e-02,1.808593406773323364e-02,2.138849714862767204e-02,2.459060560206699497e-02,2.766701580144187433e-02,3.057817288073816364e-02,3.325867507204216533e-02,3.559455815477630125e-02,3.737992583314964090e-02,3.825166414408759374e-02,3.768346471159056410e-02,3.527843120093232532e-02,3.120574930549313564e-02,2.602242494428153030e-02,2.021331942896043010e-02,1.407121554858958845e-02,7.757421914710738164e-03,1.362203497005332054e-03,-5.061322875253848608e-03,-1.148001744938376145e-02,-1.787196585250994119e-02,-2.422185032511281477e-02,-3.051839097531472422e-02,-3.675286895955720556e-02,-4.291823943783290574e-02,-4.900857938383629264e-02,-5.501873294540959858e-02,-6.094407678541768902e-02,-6.678036124654773698e-02,-7.252360019706494132e-02,-7.816999316490613747e-02,-8.371586965781141476e-02,-8.915764826839966961e-02,-9.449180680100977003e-02,-9.971486000298901420e-02,-1.048233429036313780e-01,nan,nan,nan,nan,nan
-3.960445474605468752e-02,-3.574595897722887550e-02,-3.191973264902892016e-02,-2.812734673180916634e-02,-2.437045662333542362e-02,-2.065081672402996338e-02,-1.697029988100129394e-02,-1.333092355527232264e-02,-9.734885658648051443e-03,-6.184614688070078081e-03,-2.682841327703022749e-03,7.672968001327662435e-04,4.162097791557906046e-03,7.497051886162675594e-03,1.076645148596538926e-02,1.396274199136426919e-02,1.707539134015600979e-02,2.008881535985640454e-02,2.297832969294211214e-02,2.570167301936343573e-02,2.817983466416706939e-02,3.025071868466266967e-02,3.155936092924738201e-02,3.139817720736148843e-02,2.901457705667787046e-02,2.465587824292159169e-02,1.921669845957674205e-02,1.329542222184421085e-02,7.170457926954254546e-03,9.703150369166912981e-04,-5.240318171748192810e-03,-1.142551593071972071e-02,-1.756340469794814840e-02,-2.363950746544429826e-02,-2.964349291919798901e-02,-3.556747575655849758e-02,-4.140507490980904759e-02,-4.715086469545093362e-02,-5.280004144381134079e-02,-5.834821339357743053e-02,-6.379126402282597752e-02,-6.912526117155493033e-02,-7.434639476827564764e-02,-7.945093392834867707e-02,nan,nan,nan,nan,nan,nan
-6.124759984694783110e-02,-5.738145831603908009e-02,-5.354756114462283501e-02,-4.974732611931628745e-02,-4.598221380738848341e-02,-4.225373012715633037e-02,-3.856342953077612767e-02,-3.491291886220126983e-02,-3.130386218153369260e-02,-2.773798683408462695e-02,-2.421709126440541038e-02,-2.074305534847176169e-02,-1.731785422876008784e-02,-1.394357740099527732e-02,-1.062245558623625685e-02,-7.356899673441774645e-03,-4.149558640131778553e-03,-1.003408632300750725e-03,2.078105128138107993e-03,5.090832836480707613e-03,8.029509964023406887e-03,1.088700126059582995e-02,1.365280700751392295e-02,1.630984790377509874e-02,1.882675359560193051e-02,2.113663654679420745e-02,2.306810916531276678e-02,2.409464844835917940e-02,2.285641653749159730e-02,1.877308645801556430e-02,1.334970720455819215e-02,7.521192429033707327e-03,1.586534271818762498e-03,-4.348714924800711756e-03,-1.023892705857731844e-02,-1.606059828379613474e-02,-2.179971292276028372e-02,-2.744681325921427550e-02,-3.299482512474738449e-02,-3.843800261576413302e-02,-4.377137539746800421e-02,-4.899044109418737580e-02,-5.409098527407607548e-02,nan,nan,nan,nan,nan,nan,nan
-8.308424114205084643e-02,-7.921958453886024376e-02,-7.538818396854116144e-02,-7.159146740917479712e-02,-6.783090010698067385e-02,-6.410798548984170120e-02,-6.042426623500363192e-02,-5.678132542474007005e-02,-5.318078774596168845e-02,-4.962432080885698094e-02,-4.611363653064637358e-02,-4.265049268318127362e-02,-3.923669458471162885e-02,-3.587409705658389791e-02,-3.256460661956772640e-02,-2.931018416262104465e-02,-2.611284815490844124e-02,-2.297467871879188550e-02,-1.989782286252472776e-02,-1.688450160867149830e-02,-1.393701990977813665e-02,-1.105778105902344155e-02,-8.249308483025519223e-03,-5.514280251846082059e-03,-2.855586308118995831e-03,-2.764287073073745660e-04,2.219490996719253317e-03,4.627593136886987146e-03,6.941575251831033633e-03,9.151263602633963323e-03,1.123604193436855692e-02,1.313825166804394318e-02,1.459181895299732634e-02,1.369558343596899430e-02,8.963857071195846515e-03,3.439450333192595188e-03,-2.142466102475926171e-03,-7.667287626045071747e-03,-1.310172668495057646e-02,-1.843119109806956590e-02,-2.364714972959403028e-02,-2.874348439931806443e-02,nan,nan,nan,nan,nan,nan,nan,nan
-1.050532372184811714e-01,-1.011942318611427083e-01,-9.736988157575574010e-02,-9.358166806325513010e-02,-8.983111186190079200e-02,-8.611977316917623915e-02,-8.244925285318338570e-02,-7.882119346038901631e-02,-7.523728027974191379e-02,-7.169924238633462732e-02,-6.820885372444485117e-02,-6.476793422610760409e-02,-6.137835089573306924e-02,-5.804201896233263103e-02,-5.476090302336794613e-02,-5.153701819115585891e-02,-4.837243124863999100e-02,-4.526926184965374134e-02,-4.222968367273605139e-02,-3.925592558557644551e-02,-3.635027282899283563e-02,-3.351506818902993956e-02,-3.075271310876892539e-02,-2.806566882984062872e-02,-2.545645748615443793e-02,-2.292766319977679323e-02,-2.048193304978063178e-02,-1.812197811781757206e-02,-1.585057441464698957e-02,-1.367056387441156762e-02,-1.158485526459585024e-02,-9.596425425532073561e-03,-7.708320859981743212e-03,-5.923660576730771510e-03,-4.245642133595906031e-03,-2.677557285791443142e-03,-1.222840760948029626e-03,1.147225707610610712e-04,1.329376804890425312e-03,1.641268757600400363e-03,-3.408418269284507751e-03,nan,nan,nan,nan,nan,nan,nan,nan,nan
-1.271165376700372773e-01,-1.232650013757606855e-01,-1.194496751313766092e-01,-1.156721051544334355e-01,-1.119338790889967128e-01,-1.082366268848624080e-01,-1.045820219118897554e-01,-1.009717820653128761e-01,-9.740767090490282110e-02,-9.389149882864550323e-02,-9.042512422505838421e-02,-8.701045468414336792e-02,-8.364944820639080847e-02,-8.034411439714800318e-02,-7.709651572527564944e-02,-7.390876872691609645e-02,-7.078304525609574460e-02,-6.772157367851194820e-02,-6.472664012763329477e-02,-6.180058965030865714e-02,-5.894582738669706945e-02,-5.616481967997088987e-02,-5.346009516697036723e-02,-5.083424571168937423e-02,-4.828992735168791128e-02,-4.582986108278708226e-02,-4.345683345776707451e-02,-4.117369709533691413e-02,-3.898337092531567460e-02,-3.688884017109550495e-02,-3.489315597680353598e-02,-3.299943475404543136e-02,-3.121085690236569121e-02,-2.953066506141976966e-02,-2.796216157994857454e-02,-2.650870527259263643e-02,-2.517370699966436920e-02,-2.396062425941558605e-02,-2.287295441289205478e-02,-2.191422673347476202e-02,nan,nan,nan,nan,nan,nan,nan,nan,nan,nan
-1.492493018389909887e-01,-1.454059011837705029e-01,-1.416003417789643004e-01,-1.378342372929632909e-01,-1.341092452902509224e-01,-1.304270682571896933e-01,-1.267894547515808490e-01,-1.231982006013773168e-01,-1.196551500818596736e-01,-1.161621971382004181e-01,-1.127212866074649433e-01,-1.093344154251751910e-01,-1.060036338820590229e-01,-1.027310468341754990e-01,-9.951881491349434672e-02,-9.636915576114329918e-02,-9.328434517434286422e-02,-9.026671827710719409e-02,-8.731867060944453751e-02,-8.444265921454552348e-02,-8.164120357154192043e-02,-7.891688654382589263e-02,-7.627235518154318328e-02,-7.371032137429933684e-02,-7.123356246973455708e-02,-6.884492163617694782e-02,-6.654730814225051638e-02,-6.434369737184342242e-02,-6.223713078023540568e-02,-6.023071552125691674e-02,-5.832762400345081755e-02,-5.653109336658612705e-02,-5.484442480311724211e-02,-5.327098314536360402e-02,-5.181419670590137194e-02,-5.047755791521169044e-02,-4.926462500709971604e-02,-4.817902585429534312e-02,-4.722446465364216195e-02,nan,nan,nan,nan,nan,nan,nan,nan,nan,nan,nan
-1.714346590225741818e-01,-1.675994878497634177e-01,-1.638038436774905682e-01,-1.600494095390817550e-01,-1.563379149287294767e-01,-1.526711368377035027e-01,-1.490509009943171148e-01,-1.454790830837141002e-01,-1.419576100101536675e-01,-1.384884611362219298e-01,-1.350736695677563493e-01,-1.317153234039812881e-01,-1.284155669918698450e-01,-1.251766022066215234e-01,-1.220006896590334344e-01,-1.188901499290410113e-01,-1.158473647757255476e-01,-1.128747782583679471e-01,-1.099748978923307252e-01,-1.071502957162432379e-01,-1.044036092815951999e-01,-1.017375426640867442e-01,-9.915486732294986894e-02,-9.665842296912896536e-02,-9.425111830725585449e-02,-9.193593183924453349e-02,-8.971591250292076936e-02,-8.759418041054134463e-02,-8.557392765481286467e-02,-8.365841911296434397e-02,-8.185099360693315340e-02,-8.015506534988392495e-02,-7.857412582641987164e-02,-7.711174656199060173e-02,-7.577158277497975103e-02,-7.455737836479592318e-02,-7.347297279847775364e-02,-7.252231005235343364e-02,nan,nan,nan,nan,nan,nan,nan,nan,nan,nan,nan,nan
-1.936607654602626738e-01,-1.898336369074687946e-01,-1.860477762210630270e-01,-1.823049388868571985e-01,-1.786069295667933599e-01,-1.749556032055880062e-01,-1.713528663509972239e-01,-1.678006784466852253e-01,-1.643010531879357528e-01,-1.608560598541610154e-01,-1.574678246556166505e-01,-1.541385321151326204e-01,-1.508704263998251194e-01,-1.476658126946188698e-01,-1.445270585736144198e-01,-1.414565953105774709e-01,-1.384569192571901697e-01,-1.355305931640719552e-01,-1.326802474678900889e-01,-1.299085816534847337e-01,-1.272183655167538063e-01,-1.246124404599375790e-01,-1.220937208563175336e-01,-1.196651953248528688e-01,-1.173299281468265232e-01,-1.150910607655522000e-01,-1.129518133011996328e-01,-1.109154863807485514e-01,-1.089854631432340959e-01,-1.071652115157186724e-01,-1.054582870832423414e-01,-1.038683363749631772e-01,-1.023991009372187122e-01,-1.010544222917983959e-01,-9.983824796270346358e-02,-9.875463883675938970e-02,-9.780777795321271562e-02,nan,nan,nan,nan,nan,nan,nan,nan,nan,nan,nan,nan,nan
-2.159190700949482067e-01,-2.120996681586079791e-01,-2.083233394502582714e-01,-2.045919164950141256e-01,-2.009072839891721807e-01,-1.972713800660536587e-01,-1.936861977190572348e-01,-1.901537862437157611e-01,-1.866762527004419137e-01,-1.832557634196573804e-01,-1.798945454833051349e-01,-1.765948882759070804e-01,-1.733591449972691212e-01,-1.701897342459548490e-01,-1.670891415886139875e-01,-1.640599211321074336e-01,-1.611046971775909609e-01,-1.582261658284995764e-01,-1.554270966570099333e-01,-1.527103344526667961e-01,-1.500788009263691603e-01,-1.475354965621841208e-01,-1.450835025496638453e-01,-1.427259827350124688e-01,-1.404661858763073257e-01,-1.383074478975154786e-01,-1.362531945515439435e-01,-1.343069442473943109e-01,-1.324723112674310865e-01,-1.307530095125064573e-01,-1.291528566314660287e-01,-1.276757788831008877e-01,-1.263258167739770288e-01,-1.251071313890050885e-01,-1.240240118687698789e-01,-1.230808838396847404e-01,nan,nan,nan,nan,nan,nan,nan,nan,nan,nan,nan,nan,nan,nan
-2.382032492740887575e-01,-2.343912087986754766e-01,-2.306241243838701993e-01,-2.269039114821269354e-01,-2.232325412531132591e-01,-2.196120419362605769e-01,-2.160445004366264576e-01,-2.125320639523680111e-01,-2.090769416216538557e-01,-2.056814062309825775e-01,-2.023477959204585952e-01,-1.990785159691064177e-01,-1.958760405879569344e-01,-1.927429147607581106e-01,-1.896817561388045026e-01,-1.866952569659188210e-01,-1.837861861048855627e-01,-1.809573910558000542e-01,-1.782118001162102949e-01,-1.755524246227345708e-01,-1.729823612272120004e-01,-1.705047944342381605e-01,-1.681229991306044669e-01,-1.658403434563304746e-01,-1.636602917730043405e-01,-1.615864079305679990e-01,-1.596223589143246357e-01,-1.577719187041661808e-01,-1.560389727270206084e-01,-1.544275226335271034e-01,-1.529416917654273789e-01,-1.515857311934384333e-01,-1.503640263572452174e-01,-1.492811046726638669e-01,-1.483416436439328745e-01,nan,nan,nan,nan,nan,nan,nan,nan,nan,nan,nan,nan,nan,nan,nan
-2.605085278520986591e-01,-2.567034775290857329e-01,-2.529453576225299538e-01,-2.492361739271886645e-01,-2.455779919630611818e-01,-2.419729385734500637e-01,-2.384232037171441498e-01,-2.349310423421944183e-01,-2.314987762669762916e-01,-2.281287961615124926e-01,-2.248235635461162119e-01,-2.215856128823910920e-01,-2.184175536996942335e-01,-2.153220728049162203e-01,-2.123019365882166110e-01,-2.093599933697194437e-01,-2.064991758987291814e-01,-2.037225038861298354e-01,-2.010330867519860565e-01,-1.984341264197702071e-01,-1.959289203544096747e-01,-1.935208647138932925e-01,-1.912134577413070469e-01,-1.890103034388027625e-01,-1.869151154299971695e-01,-1.849317212522583187e-01,-1.830640668711676078e-01,-1.813162217515007502e-01,-1.796923842480915301e-01,-1.781968875955867171e-01,-1.768342063602923453e-01,-1.756089635273745397e-01,-1.745259381703382351e-01,-1.735900737423579088e-01,nan,nan,nan,nan,nan,nan,nan,nan,nan,nan,nan,nan,nan,nan,nan,nan
-2.828312343358453940e-01,-2.790328189730819641e-01,-2.752834149524723273e-01,-2.715851270944757978e-01,-2.679401246148769289e-01,-2.643506429835110749e-01,-2.608189859993698678e-01,-2.573475279303514829e-01,-2.539387157261111527e-01,-2.505950713183981438e-01,-2.473191939763461633e-01,-2.441137627914315988e-01,-2.409815392046492089e-01,-2.379253696851459932e-01,-2.349481884916405638e-01,-2.320530205710950034e-01,-2.292429845877413386e-01,-2.265212961032850303e-01,-2.238912709351396080e-01,-2.213563286840364297e-01,-2.189199965164168038e-01,-2.165859131160987605e-01,-2.143578329854636255e-01,-2.122396309228026245e-01,-2.102353069911850891e-01,-2.083489916500936845e-01,-2.065849514905031548e-01,-2.049475951977214327e-01,-2.034414801775090709e-01,-2.020713194623782183e-01,-2.008419893586597116e-01,-1.997585373737243986e-01,-1.988261909228408175e-01,nan,nan,nan,nan,nan,nan,nan,nan,nan,nan,nan,nan,nan,nan,nan,nan,nan
-3.051685000900532518e-01,-3.013763921858675365e-01,-2.976354988169448434e-01,-2.939480339099413420e-01,-2.903162811939246080e-01,-2.867425963864730920e-01,-2.832294095879416274e-01,-2.797792277791431026e-01,-2.763946374008566798e-01,-2.730783070638730381e-01,-2.698329903323035683e-01,-2.666615286730396051e-01,-2.635668544748461239e-01,-2.605519942846433734e-01,-2.576200721010595274e-01,-2.547743129351830449e-01,-2.520180464526960984e-01,-2.493547109151983410e-01,-2.467878572304722518e-01,-2.443211533626934440e-01,-2.419583888710362674e-01,-2.397034798904091879e-01,-2.375604742522219315e-01,-2.355335571313074139e-01,-2.336270568836713579e-01,-2.318454514456979032e-01,-2.301933750236692111e-01,-2.286756253262858252e-01,-2.272971712153126767e-01,-2.260631608246485014e-01,-2.249789302182421125e-01,-2.240500123837527724e-01,nan,nan,nan,nan,nan,nan,nan,nan,nan,nan,nan,nan,nan,nan,nan,nan,nan,nan
-3.275180518268042684e-01,-3.237319570286173454e-01,-3.199994189221263552e-01,-3.163227720979274737e-01,-3.127044272447488393e-01,-3.091468736735566436e-01,-3.056526821099865843e-01,-3.022245076189702950e-01,-2.988650926281936071e-01,-2.955772701208421172e-01,-2.923639669407390729e-01,-2.892282072805815729e-01,-2.861731163218970697e-01,-2.832019240548945271e-01,-2.803179693189027377e-01,-2.775247040036553647e-01,-2.748256975602020313e-01,-2.722246416554934823e-01,-2.697253552253775499e-01,-2.673317896776113978e-01,-2.650480345604718790e-01,-2.628783234278824210e-01,-2.608270401993786347e-01,-2.588987258089444632e-01,-2.570980853317208492e-01,-2.554299955278703793e-01,-2.538995128009959856e-01,-2.525118817151355000e-01,-2.512725438185936522e-01,-2.501871471049494922e-01,-2.492615557727320130e-01,nan,nan,nan,nan,nan,nan,nan,nan,nan,nan,nan,nan,nan,nan,nan,nan,nan,nan,nan
-3.498780651097212480e-01,-3.460977244541155740e-01,-3.423734396160584836e-01,-3.387076791412897969e-01,-3.351029949171874800e-01,-3.315620251623846992e-01,-3.280874976644151952e-01,-3.246822332213101792e-01,-3.213491491995854044e-01,-3.180912632897638925e-01,-3.149116974550237869e-01,-3.118136820418768718e-01,-3.088005601522340049e-01,-3.058757922055848066e-01,-3.030429607654860913e-01,-3.003057756417012447e-01,-2.976680792374633011e-01,-2.951338522766714934e-01,-2.927072197605133930e-01,-2.903924573845707569e-01,-2.881939982466983352e-01,-2.861164399958804339e-01,-2.841645524257594424e-01,-2.823432854116221247e-01,-2.806577774647333046e-01,-2.791133646193221240e-01,-2.777155898405752055e-01,-2.764702129829839095e-01,-2.753832210618898380e-01,-2.744608390741674064e-01,nan,nan,nan,nan,nan,nan,nan,nan,nan,nan,nan,nan,nan,nan,nan,nan,nan,nan,nan,nan
-3.722470590013465253e-01,-3.684722494567752582e-01,-3.647561716873459758e-01,-3.611014433855042616e-01,-3.575107740094057296e-01,-3.539869682672389661e-01,-3.505329299284739020e-01,-3.471516658435909730e-01,-3.438462901731999533e-01,-3.406200288091661976e-01,-3.374762240608794595e-01,-3.344183395753539401e-01,-3.314499655105999643e-01,-3.285748240262229003e-01,-3.257967750605506030e-01,-3.231198224236463412e-01,-3.205481202987118250e-01,-3.180859800257899717e-01,-3.157378773683311435e-01,-3.135084601823723283e-01,-3.114025564624294251e-01,-3.094251829842278312e-01,-3.075815543248580086e-01,-3.058770924120164381e-01,-3.043174366323078139e-01,-3.029084544315416849e-01,-3.016562523757784220e-01,-3.005671877767316369e-01,-2.996478807061495608e-01,nan,nan,nan,nan,nan,nan,nan,nan,nan,nan,nan,nan,nan,nan,nan,nan,nan,nan,nan,nan,nan
-3.946238189388433515e-01,-3.908543533093212785e-01,-3.871464943469828945e-01,-3.835030264417905177e-01,-3.799268354690805150e-01,-3.764209129194225900e-01,-3.729883603950749915e-01,-3.696323943406359391e-01,-3.663563510423851755e-01,-3.631636918936598790e-01,-3.600580089386806737e-01,-3.570430307412525428e-01,-3.541226285956088349e-01,-3.513008230727322490e-01,-3.485817909387509683e-01,-3.459698725267161823e-01,-3.434695794724040296e-01,-3.410856029459399252e-01,-3.388228223797103422e-01,-3.366863146657128603e-01,-3.346813638832877302e-01,-3.328134716191704090e-01,-3.310883678407957609e-01,-3.295120223049931019e-01,-3.280906565754641013e-01,-3.268307566442369971e-01,-3.257390860472030303e-01,-3.248226994468388362e-01,nan,nan,nan,nan,nan,nan,nan,nan,nan,nan,nan,nan,nan,nan,nan,nan,nan,nan,nan,nan,nan,nan
-4.170073397305187890e-01,-4.132430661104681269e-01,-4.095434982327060269e-01,-4.059116073344422593e-01,-4.023504775191233396e-01,-3.988633106052082433e-01,-3.954534314256181737e-01,-3.921242934435854588e-01,-3.888794846618490730e-01,-3.857227339011293221e-01,-3.826579174055115828e-01,-3.796890658706160160e-01,-3.768203718698779348e-01,-3.740561977073827427e-01,-3.714010837573841761e-01,-3.688597573145957487e-01,-3.664371419473677616e-01,-3.641383674032832585e-01,-3.619687801333473787e-01,-3.599339544234284594e-01,-3.580397041247311840e-01,-3.562920950582766366e-01,-3.546974581290902595e-01,-3.532624030228662670e-01,-3.519938326519611582e-01,-3.508989581314970740e-01,-3.499853144371155578e-01,nan,nan,nan,nan,nan,nan,nan,nan,nan,nan,nan,nan,nan,nan,nan,nan,nan,nan,nan,nan,nan,nan,nan
-4.393967820312754125e-01,-4.356375838278783164e-01,-4.319464433425970196e-01,-4.283265421866824241e-01,-4.247811880958451414e-01,-4.213138206964266996e-01,-4.179280177876792401e-01,-4.146275020146933388e-01,-4.114161479081661077e-01,-4.082979893778094227e-01,-4.052772276464615131e-01,-4.023582396523325277e-01,-3.995455869956887618e-01,-3.968440253998395950e-01,-3.942585147925773414e-01,-3.917942299884812352e-01,-3.894565720020065069e-01,-3.872511800937227244e-01,-3.851839444809729840e-01,-3.832610198608470964e-01,-3.814888396319057184e-01,-3.798741309748697725e-01,-3.784239306376926404e-01,-3.771456015925965799e-01,-3.760468503804067497e-01,-3.751357451656347486e-01,nan,nan,nan,nan,nan,nan,nan,nan,nan,nan,nan,nan,nan,nan,nan,nan,nan,nan,nan,nan,nan,nan,nan,nan
-4.617914398614273441e-01,-4.580372358153408929e-01,-4.543547278372019882e-01,-4.507473353678426164e-01,-4.472186195533298658e-01,-4.437722901367947004e-01,-4.404122129445081080e-01,-4.371424178361403845e-01,-4.339671071578524719e-01,-4.308906647270043799e-01,-4.279176653666089125e-01,-4.250528850769984546e-01,-4.223013118092600049e-01,-4.196681569836965275e-01,-4.171588676715171085e-01,-4.147791396155065535e-01,-4.125349310161439131e-01,-4.104324771875420552e-01,-4.084783061310768293e-01,-4.066792549683594382e-01,-4.050424873961230299e-01,-4.035755120313739841e-01,-4.022862017435926418e-01,-4.011828139009130378e-01,-4.002740114972833663e-01,nan,nan,nan,nan,nan,nan,nan,nan,nan,nan,nan,nan,nan,nan,nan,nan,nan,nan,nan,nan,nan,nan,nan,nan,nan
-4.841907149422436940e-01,-4.804414599782829143e-01,-4.767678649108931799e-01,-4.731736193640893595e-01,-4.696625730793985154e-01,-4.662387441988034564e-01,-4.629063282389397349e-01,-4.596697076446447650e-01,-4.565334619695010643e-01,-4.535023787196048595e-01,-4.505814649181225096e-01,-4.477759594424656209e-01,-4.450913461505204283e-01,-4.425333679172774315e-01,-4.401080415544423863e-01,-4.378216737303273765e-01,-4.356808779151458699e-01,-4.336925923973929953e-01,-4.318640994206191519e-01,-4.302030454768356327e-01,-4.287174627746027644e-01,-4.274157918870585826e-01,-4.263069055604504776e-01,-4.254001336317502213e-01,nan,nan,nan,nan,nan,nan,nan,nan,nan,nan,nan,nan,nan,nan,nan,nan,nan,nan,nan,nan,nan,nan,nan,nan,nan,nan
-5.065940971572395757e-01,-5.028497837492802436e-01,-4.991854659065897426e-01,-4.956051417313596663e-01,-4.921129914444097309e-01,-4.887133873308049381e-01,-4.854109045646169962e-01,-4.822103327648124549e-01,-4.791166883450592717e-01,-4.761352277135515454e-01,-4.732714613844514195e-01,-4.705311690654225276e-01,-4.679204157882104198e-01,-4.654455691557509711e-01,-4.631133177457181227e-01,-4.609306908147647874e-01,-4.589050792684822855e-01,-4.570442580367109486e-01,-4.553564098511976299e-01,-4.538501505285040816e-01,-4.525345557084576864e-01,-4.514191890769930771e-01,-4.505141320614842737e-01,nan,nan,nan,nan,nan,nan,nan,nan,nan,nan,nan,nan,nan,nan,nan,nan,nan,nan,nan,nan,nan,nan,nan,nan,nan,nan,nan
-5.290011486160535181e-01,-5.252618094260377291e-01,-5.216072284103190349e-01,-5.180417580885974260e-01,-5.145699594703935231e-01,-5.111966141414223674e-01,-5.079267374149326608e-01,-5.047655924356394541e-01,-5.017187052718987683e-01,-4.987918811250425799e-01,-4.959912217021236192e-01,-4.933231438512070133e-01,-4.907943995428747375e-01,-4.884120973088055262e-01,-4.861837251869018939e-01,-4.841171753174851045e-01,-4.822207702159627685e-01,-4.805032908797419733e-01,-4.789740067358625453e-01,-4.776427074476592982e-01,-4.765197366511166877e-01,-4.756160276623613292e-01,nan,nan,nan,nan,nan,nan,nan,nan,nan,nan,nan,nan,nan,nan,nan,nan,nan,nan,nan,nan,nan,nan,nan,nan,nan,nan,nan,nan
-5.514114915537536854e-01,-5.476772029495603489e-01,-5.440329285696067219e-01,-5.404834308155811451e-01,-5.370337124959841946e-01,-5.336890316679997470e-01,-5.304549177803938864e-01,-5.273371889937810142e-01,-5.243419708561487536e-01,-5.214757163923224859e-01,-5.187452277034954040e-01,-5.161576792347289944e-01,-5.137206428254853519e-01,-5.114421146493739467e-01,-5.093305441549328405e-01,-5.073948651739145221e-01,-5.056445293333831081e-01,-5.040895417218935748e-01,-5.027404991725359373e-01,-5.016086308558792561e-01,-5.007058415702563270e-01,nan,nan,nan,nan,nan,nan,nan,nan,nan,nan,nan,nan,nan,nan,nan,nan,nan,nan,nan,nan,nan,nan,nan,nan,nan,nan,nan,nan,nan
-5.738247983708999467e-01,-5.700956854715961697e-01,-5.664624172870317276e-01,-5.629302336508120730e-01,-5.595046539394499252e-01,-5.561914953984526955e-01,-5.529968931242277286e-01,-5.499273216267321907e-01,-5.469896181425648596e-01,-5.441910078320905120e-01,-5.415391309643307061e-01,-5.390420723658686519e-01,-5.367083931748010128e-01,-5.345471651760059784e-01,-5.325680078552832430e-01,-5.307811283099136412e-01,-5.291973642710042780e-01,-5.278282303054403490e-01,-5.266859672745847210e-01,-5.257835952532545765e-01,nan,nan,nan,nan,nan,nan,nan,nan,nan,nan,nan,nan,nan,nan,nan,nan,nan,nan,nan,nan,nan,nan,nan,nan,nan,nan,nan,nan,nan,nan
-5.962407833254024236e-01,-5.925170272856007392e-01,-5.888956202772711590e-01,-5.853823630180355897e-01,-5.819833841453686540e-01,-5.787051631583101097e-01,-5.755545554638880068e-01,-5.725388195353184884e-01,-5.696656464097396011e-01,-5.669431916627127865e-01,-5.643801101933612063e-01,-5.619855939129658751e-01,-5.597694127095890204e-01,-5.577419588891779911e-01,-5.559142952989936104e-01,-5.542982075211612125e-01,-5.529062602249167346e-01,-5.517518579544382629e-01,-5.508493104825425979e-01,nan,nan,nan,nan,nan,nan,nan,nan,nan,nan,nan,nan,nan,nan,nan,nan,nan,nan,nan,nan,nan,nan,nan,nan,nan,nan,nan,nan,nan,nan,nan
-6.186591964407016642e-01,-6.149410438667639589e-01,-6.113325424325252166e-01,-6.078401577827619029e-01,-6.044707442009691345e-01,-6.012315736189690618e-01,-5.981303674259987879e-01,-5.951753311736134311e-01,-5.923751924034164063e-01,-5.897392419516011008e-01,-5.872773790245628955e-01,-5.850001603979368969e-01,-5.829188541026556480e-01,-5.810454979749676285e-01,-5.793929634907717396e-01,-5.779750251756416990e-01,-5.768064360548700309e-01,-5.759030093090318214e-01,nan,nan,nan,nan,nan,nan,nan,nan,nan,nan,nan,nan,nan,nan,nan,nan,nan,nan,nan,nan,nan,nan,nan,nan,nan,nan,nan,nan,nan,nan,nan,nan
-6.410798176869471066e-01,-6.373675940495111547e-01,-6.337732774548919812e-01,-6.303041302869206719e-01,-6.269678807305365531e-01,-6.237727600428915053e-01,-6.207275436194799045e-01,-6.178415960050621658e-01,-6.151249203144755207e-01,-6.125882124552550767e-01,-6.102429207160502411e-01,-6.081013111645580116e-01,-6.061765394912106419e-01,-6.044827298426970197e-01,-6.030350612531313326e-01,-6.018498622211505555e-01,-6.009447140575900903e-01,nan,nan,nan,nan,nan,nan,nan,nan,nan,nan,nan,nan,nan,nan,nan,nan,nan,nan,nan,nan,nan,nan,nan,nan,nan,nan,nan,nan,nan,nan,nan,nan,nan
-6.635024529811074379e-01,-6.597965804749703622e-01,-6.562180244843864863e-01,-6.527750134319048048e-01,-6.494763413107536021e-01,-6.463314163635984766e-01,-6.433503150155766015e-01,-6.405438414057220697e-01,-6.379235931662511350e-01,-6.355020341508279547e-01,-6.332925748844343561e-01,-6.313096615195006311e-01,-6.295688742815646055e-01,-6.280870362396658857e-01,-6.268823334542923398e-01,-6.259744473336585902e-01,nan,nan,nan,nan,nan,nan,nan,nan,nan,nan,nan,nan,nan,nan,nan,nan,nan,nan,nan,nan,nan,nan,nan,nan,nan,nan,nan,nan,nan,nan,nan,nan,nan,nan
-6.859269301994034285e-01,-6.822279529036914258e-01,-6.786671147123888304e-01,-6.752538315568976657e-01,-6.719982162770883338e-01,-6.689111435024664987e-01,-6.660043219743134735e-01,-6.632903749860504794e-01,-6.607829300231466974e-01,-6.584967186590257038e-01,-6.564476879531726539e-01,-6.546531247915511331e-01,-6.531317945528948288e-01,-6.519040957097989031e-01,-6.509922320218347602e-01,nan,nan,nan,nan,nan,nan,nan,nan,nan,nan,nan,nan,nan,nan,nan,nan,nan,nan,nan,nan,nan,nan,nan,nan,nan,nan,nan,nan,nan,nan,nan,nan,nan,nan,nan
-7.083530963651392121e-01,-7.046617153146187418e-01,-7.011210529829565719e-01,-6.977420081695251408e-01,-6.945363533298121173e-01,-6.915168229907558972e-01,-6.886972131070667746e-01,-6.860924926219101883e-01,-6.837189289296989880e-01,-6.815942290627092781e-01,-6.797376987834619078e-01,-6.781704218630031367e-01,-6.769154621558648444e-01,-6.759980912576242229e-01,nan,nan,nan,nan,nan,nan,nan,nan,nan,nan,nan,nan,nan,nan,nan,nan,nan,nan,nan,nan,nan,nan,nan,nan,nan,nan,nan,nan,nan,nan,nan,nan,nan,nan,nan,nan
-7.307808149464173342e-01,-7.270979386699607527e-01,-7.235805830239310232e-01,-7.202415328792903804e-01,-7.170946905969923790e-01,-7.141551998215280861e-01,-7.114395859483400031e-01,-7.089659156412606578e-01,-7.067539781890029849e-01,-7.048254920918285427e-01,-7.032043405769308198e-01,-7.019168403588967875e-01,-7.009920484181175748e-01,nan,nan,nan,nan,nan,nan,nan,nan,nan,nan,nan,nan,nan,nan,nan,nan,nan,nan,nan,nan,nan,nan,nan,nan,nan,nan,nan,nan,nan,nan,nan,nan,nan,nan,nan,nan,nan
-7.532099637121499880e-01,-7.495367825481392687e-01,-7.460467916515715059e-01,-7.427552274249190623e-01,-7.396787902499339928e-01,-7.368358234548044727e-01,-7.342465189525545499e-01,-7.319331538096079948e-01,-7.299203629892992984e-01,-7.282354544663560691e-01,-7.269087738924945308e-01,-7.259741271402722074e-01,nan,nan,nan,nan,nan,nan,nan,nan,nan,nan,nan,nan,nan,nan,nan,nan,nan,nan,nan,nan,nan,nan,nan,nan,nan,nan,nan,nan,nan,nan,nan,nan,nan,nan,nan,nan,nan,nan
-7.756404329320113478e-01,-7.719785316891181193e-01,-7.685212801636652769e-01,-7.652871851431802819e-01,-7.622967274769762991e-01,-7.595726312244905909e-01,-7.571401776048140020e-01,-7.550275721109468430e-01,-7.532663750733710195e-01,-7.518920081087077101e-01,-7.509443512910023433e-01,nan,nan,nan,nan,nan,nan,nan,nan,nan,nan,nan,nan,nan,nan,nan,nan,nan,nan,nan,nan,nan,nan,nan,nan,nan,nan,nan,nan,nan,nan,nan,nan,nan,nan,nan,nan,nan,nan,nan
-7.980721238407754159e-01,-7.944236590577508084e-01,-7.910064578503507304e-01,-7.878435300103876493e-01,-7.849606435860294606e-01,-7.823867497416368000e-01,-7.801544879786859177e-01,-7.783007891426715341e-01,-7.768675983209694103e-01,-7.759027449726692005e-01,nan,nan,nan,nan,nan,nan,nan,nan,nan,nan,nan,nan,nan,nan,nan,nan,nan,nan,nan,nan,nan,nan,nan,nan,nan,nan,nan,nan,nan,nan,nan,nan,nan,nan,nan,nan,nan,nan,nan,nan
-8.205049472478607164e-01,-8.168729390108491195e-01,-8.135060708558349285e-01,-8.104338020258348152e-01,-8.076896225297862664e-01,-8.053117665059692509e-01,-8.033440817856123406e-01,-8.018370960856272545e-01,-8.008493325141823327e-01,nan,nan,nan,nan,nan,nan,nan,nan,nan,nan,nan,nan,nan,nan,nan,nan,nan,nan,nan,nan,nan,nan,nan,nan,nan,nan,nan,nan,nan,nan,nan,nan,nan,nan,nan,nan,nan,nan,nan,nan,nan
-8.429388224625997683e-01,-8.393276622002545651e-01,-8.360262186386903105e-01,-8.330736659692762336e-01,-8.305154226678679308e-01,-8.284044499510666570e-01,-8.268028882558106085e-01,-8.257841384565307585e-01,nan,nan,nan,nan,nan,nan,nan,nan,nan,nan,nan,nan,nan,nan,nan,nan,nan,nan,nan,nan,nan,nan,nan,nan,nan,nan,nan,nan,nan,nan,nan,nan,nan,nan,nan,nan,nan,nan,nan,nan,nan,nan
-8.653736762516106573e-01,-8.617900754939031849e-01,-8.585774754505099970e-01,-8.557906957317863439e-01,-8.534950246316487243e-01,-8.517688582564192368e-01,-8.507071875587578491e-01,nan,nan,nan,nan,nan,nan,nan,nan,nan,nan,nan,nan,nan,nan,nan,nan,nan,nan,nan,nan,nan,nan,nan,nan,nan,nan,nan,nan,nan,nan,nan,nan,nan,nan,nan,nan,nan,nan,nan,nan,nan,nan,nan
-8.878094420324851299e-01,-8.842643773848251065e-01,-8.811798260156373797e-01,-8.786382576920516163e-01,-8.767417941664784609e-01,-8.756185047789717402e-01,nan,nan,nan,nan,nan,nan,nan,nan,nan,nan,nan,nan,nan,nan,nan,nan,nan,nan,nan,nan,nan,nan,nan,nan,nan,nan,nan,nan,nan,nan,nan,nan,nan,nan,nan,nan,nan,nan,nan,nan,nan,nan,nan,nan
-9.102460591419064828e-01,-9.067593018950713679e-01,-9.038760041529737554e-01,-9.017347556040647971e-01,-9.005181152852448356e-01,nan,nan,nan,nan,nan,nan,nan,nan,nan,nan,nan,nan,nan,nan,nan,nan,nan,nan,nan,nan,nan,nan,nan,nan,nan,nan,nan,nan,nan,nan,nan,nan,nan,nan,nan,nan,nan,nan,nan,nan,nan,nan,nan,nan,nan
-9.326834721609377210e-01,-9.292963152184288145e-01,-9.267765393788768291e-01,-9.254060444579826905e-01,nan,nan,nan,nan,nan,nan,nan,nan,nan,nan,nan,nan,nan,nan,nan,nan,nan,nan,nan,nan,nan,nan,nan,nan,nan,nan,nan,nan,nan,nan,nan,nan,nan,nan,nan,nan,nan,nan,nan,nan,nan,nan,nan,nan,nan,nan
-9.551216303775994509e-01,-9.519457143093372764e-01,-9.502823317037027984e-01,nan,nan,nan,nan,nan,nan,nan,nan,nan,nan,nan,nan,nan,nan,nan,nan,nan,nan,nan,nan,nan,nan,nan,nan,nan,nan,nan,nan,nan,nan,nan,nan,nan,nan,nan,nan,nan,nan,nan,nan,nan,nan,nan,nan,nan,nan,nan
-9.775605380215464102e-01,-9.751511300617675682e-01,nan,nan,nan,nan,nan,nan,nan,nan,nan,nan,nan,nan,nan,nan,nan,nan,nan,nan,nan,nan,nan,nan,nan,nan,nan,nan,nan,nan,nan,nan,nan,nan,nan,nan,nan,nan,nan,nan,nan,nan,nan,nan,nan,nan,nan,nan,nan,nan
-1.000000000000000222e+00,nan,nan,nan,nan,nan,nan,nan,nan,nan,nan,nan,nan,nan,nan,nan,nan,nan,nan,nan,nan,nan,nan,nan,nan,nan,nan,nan,nan,nan,nan,nan,nan,nan,nan,nan,nan,nan,nan,nan,nan,nan,nan,nan,nan,nan,nan,nan,nan,nan
