2.220446049250313081e-16,9.289023351242042814e-03,2.506414615120045042e-02,4.314512249831392587e-02,6.248354063109196055e-02,8.263148224919647511e-02,1.033544332954100531e-01,1.245150326940387409e-01,1.460270985602392102e-01,1.678342083968609177e-01,1.898985463597161472e-01,2.121946084940878885e-01,2.347054266180866877e-01,2.574201940314639891e-01,2.803327173384330129e-01,3.034403788323628559e-01,3.267434276235505752e-01,3.502444903615207217e-01,3.739482338030619690e-01,3.978611360581767453e-01,4.219913385001093920e-01,4.463485600117393926e-01,4.709440616691846770e-01,4.957906544176817754e-01,5.209027455507788673e-01,5.462964223540731634e-01,5.719895734532762788e-01,5.980020504627361344e-01,6.243558746779049873e-01,6.510754960070109787e-01,6.781881143414645319e-01,7.057240774449244913e-01,7.337173746533933727e-01,7.622062528999863362e-01,7.912339918507265146e-01,8.208498899207583577e-01,8.511105353538052087e-01,8.820814709970312695e-01,9.138394159625728985e-01,9.464752967597995781e-01,9.800984928028807497e-01,1.014842972962243017e+00,1.050876512095427096e+00,1.088415209073031686e+00,1.127747791537240030e+00,1.169279726264764063e+00,1.213622844009831114e+00,1.261811544922443629e+00,1.316010784122142452e+00,1.386294361119890572e+00
3.442509967678253346e-04,5.464257441343711719e-03,1.804484394522765101e-02,3.347825650835178912e-02,5.052863695132880917e-02,6.864523390018351101e-02,8.753046440052525412e-02,1.070052696303837036e-01,1.269543459113120498e-01,1.473000617435470394e-01,1.679886363434192065e-01,1.889822240774492457e-01,2.102541059204215967e-01,2.317856313081229080e-01,2.535642020093173965e-01,2.755819054374720745e-01,2.978345690019414960e-01,3.203210971888759140e-01,3.430430048216895900e-01,3.660040909068309478e-01,3.892102166710053046e-01,4.126691637273894875e-01,4.363905565186736446e-01,4.603858388797950063e-01,4.846682987198047687e-01,5.092531380635394456e-01,5.341575884444905720e-01,5.594010742196570130e-01,5.850054290603161622e-01,6.109951739383709945e-01,6.373978687058099446e-01,6.642445542927606361e-01,6.915703092575655742e-01,7.194149538658836107e-01,7.478239485630355787e-01,7.768495540976566582e-01,8.065523518143189463e-01,8.370032720375747415e-01,8.682863592755905024e-01,9.005026404383000838e-01,9.337757071428571809e-01,9.682600840362196593e-01,1.004154382505775711e+00,1.041723268926871837e+00,1.081337229503942510e+00,1.123553130492374708e+00,1.169307923964724605e+00,1.220550555359756650e+00,1.286254449609960160e+00,nan
1.063089034063713356e-03,3.303998761049031785e-03,1.353943644525124057e-02,2.695483175915092122e-02,4.221885911823319848e-02,5.872414387822166848e-02,7.613623845036276983e-02,9.425057170754058689e-02,1.129333788366320146e-01,1.320932065095287156e-01,1.516656461304382031e-01,1.716045064530045128e-01,1.918764055494563969e-01,2.124573050258146134e-01,2.333302089588901174e-01,2.544835935396432269e-01,2.759103132826455917e-01,2.976068290147647621e-01,3.195726602844908282e-01,3.418099993762815370e-01,3.643234456597511661e-01,3.871198329217466760e-01,4.102081316579646586e-01,4.335994148261446135e-01,4.573068803808082450e-01,4.813459277281078030e-01,5.057342885518777420e-01,5.304922156525110344e-01,5.556427368568492842e-01,5.812119850734212001e-01,6.072296206484618653e-01,6.337293689697720556e-01,6.607497057295315113e-01,6.883347358993208154e-01,7.165353327408543471e-01,7.454106342062446489e-01,7.750300431007227653e-01,8.054759575528925852e-01,8.368475947550606531e-01,8.692665140294619786e-01,9.028849029743735155e-01,9.378986119884999972e-01,9.745689404622239760e-01,1.013262105064125063e+00,1.054529273697187408e+00,1.099299213048718249e+00,1.149507568690885329e+00,1.214098069274992309e+00,nan,nan
1.951707952080772301e-03,2.004502313052825002e-03,1.039953418093098048e-02,2.219307839821604844e-02,3.599700993714016750e-02,5.116908120979002383e-02,6.735135163384109447e-02,8.432251564633630458e-02,1.019364085734213443e-01,1.200921135274801710e-01,1.387178343322243990e-01,1.577615125532118023e-01,1.771850467723491418e-01,1.969605690912830109e-01,2.170679615307027355e-01,2.374931540032214627e-01,2.582269343770726699e-01,2.792641059001048642e-01,3.006028880550654092e-01,3.222444936439509133e-01,3.441928379126651949e-01,3.664543504770478854e-01,3.890378709074868713e-01,4.119546159711001687e-01,4.352182118941351208e-01,4.588447893664093780e-01,4.828531429204276915e-01,5.072649602361464227e-01,5.321051312906048825e-01,5.574021525993893000e-01,5.831886487582821355e-01,6.095020430681344914e-01,6.363854227293844756e-01,6.638886643780130825e-01,6.920699167301039845e-01,7.209975860233974743e-01,7.507530499285467451e-01,7.814344616903314833e-01,8.131622487802954158e-01,8.460873670262097912e-01,8.804042908485493202e-01,9.163727345106400524e-01,9.543570184230025788e-01,9.949059282307555208e-01,1.038945022432976373e+00,1.088405097589285830e+00,1.152220036776846035e+00,nan,nan,nan
2.929888825016657705e-03,1.227637306752571433e-03,8.119058245976362720e-03,1.856591547863484237e-02,3.114259582167522300e-02,4.518367390313826615e-02,6.031532123170357806e-02,7.630471869688693065e-02,9.299704223568483474e-02,1.102846858880408565e-01,1.280905845513874430e-01,1.463584714611126936e-01,1.650468536994750268e-01,1.841251187326388150e-01,2.035709298265110379e-01,2.233684367456466591e-01,2.435070225542770306e-01,2.639804154915097456e-01,2.847860578539820331e-01,3.059246619761240016e-01,3.273999074056508363e-01,3.492182490567558029e-01,3.713888168095851317e-01,3.939233946913974771e-01,4.168364736633547452e-01,4.401453769828778118e-01,4.638704617423313747e-01,4.880354050502115903e-01,5.126675889993383972e-01,5.377986057762175198e-01,5.634649140152693247e-01,5.897086913249969253e-01,6.165789482746891759e-01,6.441330001632590285e-01,6.724384418115354478e-01,7.015758505554225977e-01,7.316425785912354929e-01,7.627582381282050905e-01,7.950729390871769109e-01,8.287802580005927400e-01,8.641389295684607230e-01,9.015121682986931839e-01,9.414474537471270166e-01,9.848686991524853163e-01,1.033704393701316171e+00,1.096884169969641665e+00,nan,nan,nan,nan
3.957374269829783131e-03,7.979450051219805218e-04,6.427434314684177252e-03,1.573090110583863499e-02,2.725607040155408889e-02,4.032124906181222546e-02,5.454140331294288213e-02,6.967552640697416422e-02,8.556258792895521381e-02,1.020901593241476668e-01,1.191773648728962076e-01,1.367648956644063052e-01,1.548088196634702651e-01,1.732765728921092929e-01,1.921442730865472459e-01,2.113948721055290969e-01,2.310168615056149566e-01,2.510033561420047521e-01,2.713514450917475784e-01,2.920617383584688254e-01,3.131380625570134857e-01,3.345872750428664499e-01,3.564191771529465758e-01,3.786465154073939132e-01,4.012850659900469852e-01,4.243538034856261243e-01,4.478751604254960217e-01,4.718753903669528071e-01,4.963850547904754551e-01,5.214396640982650322e-01,5.470805169988630645e-01,5.733558030500862657e-01,6.003220642512516747e-01,6.280461605478356857e-01,6.566079640686954821e-01,6.861041428758644090e-01,7.166536372497376295e-01,7.484058876818366901e-01,7.815537923965342193e-01,8.163553844905249157e-01,8.531731336256079823e-01,8.925537006441746080e-01,9.354200523861622152e-01,9.836994873559458119e-01,1.046319782652959773e+00,nan,nan,nan,nan,nan
5.010801361001626653e-03,6.122523872443830228e-04,5.162282403002094178e-03,1.347928207885962237e-02,2.409091876941982235e-02,3.630361707880946920e-02,4.972420546245770456e-02,6.410572762496857813e-02,7.928263705701121822e-02,9.513899669088354827e-02,1.115911678234474680e-01,1.285776536256013625e-01,1.460527941478754199e-01,1.639826780381214988e-01,1.823424008075644753e-01,2.011141789292519855e-01,2.202860298368443104e-01,2.398508399701364535e-01,2.598057085275994327e-01,2.801514945098064757e-01,3.008925199690273278e-01,3.220363991643078183e-01,3.435939750376177937e-01,3.655793531862470136e-01,3.880100306860270187e-01,4.109071237207471139e-01,4.342957048528925945e-01,4.582052688242669314e-01,4.826703561241615370e-01,5.077313778153595969e-01,5.334357057775358513e-01,5.598391237786211061e-01,5.870077838528201530e-01,6.150208924895586016e-01,6.439744871442178997e-01,6.739869058522751644e-01,7.052070088878686915e-01,7.378271300475760519e-01,7.721047473755868751e-01,8.084017779375261004e-01,8.472643246314730536e-01,8.896147821044285697e-01,9.373798544041608283e-01,9.994867332628118994e-01,nan,nan,nan,nan,nan,nan
6.075205686272400207e-03,6.045390264340921860e-04,4.218210904103347758e-03,1.167396118222652213e-02,2.148370104260943769e-02,3.294492017448469312e-02,4.565842340114711906e-02,5.937288161401887976e-02,7.391944708449893486e-02,8.917963680999385634e-02,1.050678308822743379e-01,1.215209940569357272e-01,1.384922898229810073e-01,1.559469374786626172e-01,1.738594336830178166e-01,1.922116428112896624e-01,2.109914632039586735e-01,2.301918897108123918e-01,2.498103592803182504e-01,2.698483068942217900e-01,2.903108850112648964e-01,3.112068169882548085e-01,3.325483672410702862e-01,3.543514203787579975e-01,3.766356696628347933e-01,3.994249230497848302e-01,4.227475438345151826e-01,4.466370537560833132e-01,4.711329410315012733e-01,4.962817367071034047e-01,5.221384541555000869e-01,5.487685357558163002e-01,5.762505309316825475e-01,6.046798658216898659e-01,6.341743072171613926e-01,6.648821796651104288e-01,6.969953134258300986e-01,7.307707134863770104e-01,7.665698552233809471e-01,8.049384372288617140e-01,8.467985056786562215e-01,8.940765303089940330e-01,9.556998911125341722e-01,nan,nan,nan,nan,nan,nan,nan
7.140273113033335228e-03,7.298717214100358675e-04,3.522792007471631237e-03,1.021987745607300102e-02,1.932023909395075290e-02,3.011450986126473772e-02,4.219899264672755113e-02,5.531914162918816213e-02,6.930371446866734342e-02,8.403241321705534617e-02,9.941824118462072590e-02,1.153971364417880618e-01,1.319215292272803985e-01,1.489561624354327485e-01,1.664752904166522107e-01,1.844607568701432943e-01,2.029006569181590613e-01,2.217884027433977279e-01,2.411220792148591752e-01,2.609040170421907945e-01,2.811405373978236311e-01,3.018418398351812026e-01,3.230220183390295485e-01,3.446992007548865811e-01,3.668958162685613811e-01,3.896390053930043340e-01,4.129611984703439598e-01,4.369009037977223953e-01,4.615037677644463487e-01,4.868240010867183054e-01,5.129263146329243739e-01,5.398885886266534540e-01,5.678056352526845707e-01,5.967946571913881337e-01,6.270034610438038891e-01,6.586234036676947845e-01,6.919110624471743742e-01,7.272275369634559894e-01,7.651182170857557807e-01,8.065049443240177585e-01,8.533141914435686814e-01,9.144740483502995509e-01,nan,nan,nan,nan,nan,nan,nan,nan
8.198469768613048103e-03,9.561857982920418664e-04,3.024022751566324274e-03,9.048321826963912073e-03,1.751752077499479920e-02,2.771692381334867061e-02,3.923947021856211137e-02,5.182827635012199341e-02,6.531040569778034932e-02,7.956431972733413183e-02,9.450212855677708745e-02,1.100591611840524564e-01,1.261874843623329578e-01,1.428517003320819434e-01,1.600261339350921297e-01,1.776929073782470558e-01,1.958406064901271337e-01,2.144633574306776813e-01,2.335602004835110046e-01,2.531346892388626202e-01,2.731946704722403307e-01,2.937522186320236095e-01,3.148237127996942331e-01,3.364300557034715089e-01,3.585970456711569110e-01,3.813559249861314671e-01,4.047441439203058877e-01,4.288064014965852211e-01,4.535960560934576558e-01,4.791770486814037611e-01,5.056265619890387697e-01,5.330387753212997293e-01,5.615303174409733700e-01,5.912484765957003452e-01,6.223841461882932968e-01,6.551934982450368095e-01,6.900372946755588544e-01,7.274606773226944822e-01,7.683853799694346787e-01,8.147380454367979530e-01,8.754478548291633189e-01,nan,nan,nan,nan,nan,nan,nan,nan,nan
9.244020991986734437e-03,1.259716977940694704e-03,2.683243338740370909e-03,8.107971654099932479e-03,1.601326084565735108e-02,2.568025342317792337e-02,3.669940730709109200e-02,4.881219217643395503e-02,6.184453672052514506e-02,7.567412835054998510e-02,9.021258431503298425e-02,1.053949776800098270e-01,1.211733319071839343e-01,1.375124070365707496e-01,1.543868844532882978e-01,1.717794468173392541e-01,1.896794563889476759e-01,2.080820508377307920e-01,2.269875439083456348e-01,2.464010606147235549e-01,2.663323643615758129e-01,2.867958529471216211e-01,3.078107156594576121e-01,3.294012572780207204e-01,3.515974088898400352e-01,3.744354622696963730e-01,3.979590870649407641e-01,4.222207225920756590e-01,4.472834861014343133e-01,4.732238201631298047e-01,5.001352384972324039e-01,5.281337725021161278e-01,5.573661776979637050e-01,5.880228791561811219e-01,6.203596494339415068e-01,6.547369320449856200e-01,6.916996586242445400e-01,7.321695224021912418e-01,7.780734600029519665e-01,8.383420416693541100e-01,nan,nan,nan,nan,nan,nan,nan,nan,nan,nan
1.027231359652847065e-02,1.622294098922560934e-03,2.470885454550209026e-03,7.359453341476474009e-03,1.475951954873300220e-02,2.394898838663028773e-02,3.451654353014788068e-02,4.620256943251088710e-02,5.883232140602889793e-02,7.228310451004804627e-02,8.646638613899870762e-02,1.013172930789245640e-01,1.167880935739853410e-01,1.328439815941415691e-01,1.494602676851816137e-01,1.666204719970801884e-01,1.843150227026335575e-01,2.025403795850934108e-01,2.212984715205106312e-01,2.405963796272840849e-01,2.604462265362369466e-01,2.808652531005868536e-01,3.018760810068015221e-01,3.235071761406320690e-01,3.457935459242109655e-01,3.687777273650472143e-01,3.925111558436734649e-01,4.170560552337183591e-01,4.424880711366792063e-01,4.689000060058936548e-01,4.964072581709138010e-01,5.251560240912788169e-01,5.553362435380835294e-01,5.872032827656692433e-01,6.211172721648128281e-01,6.576229547160921118e-01,6.976420299945786940e-01,7.431018239371941503e-01,8.029345422398240784e-01,nan,nan,nan,nan,nan,nan,nan,nan,nan,nan,nan
1.127952576441537680e-02,2.029650258203563595e-03,2.363791730847109029e-03,6.771884839994357641e-03,1.371861701244703191e-02,2.247941041786549743e-02,3.264175988550210850e-02,4.394543551527685388e-02,5.621541234729676706e-02,6.932895313247255942e-02,8.319767980086456571e-02,9.775705456910865898e-02,1.129598598098553452e-01,1.287719892213505801e-01,1.451696529080794829e-01,1.621374916462785531e-01,1.796673041298442186e-01,1.977572083009981885e-01,2.164111275963864767e-01,2.356385369524657269e-01,2.554544334096852110e-01,2.758795189052896113e-01,2.969406027811818394e-01,3.186712521914725205e-01,3.411127436450142048e-01,3.643154032441893175e-01,3.883404744797824826e-01,4.132627341687593603e-01,4.391742145418506826e-01,4.661896331119839143e-01,4.944545896999970047e-01,5.241585109605504389e-01,5.555563391502380544e-01,5.890078854525098162e-01,6.250577132317198803e-01,6.646275605325266955e-01,7.096452187341172335e-01,7.690447425546808047e-01,nan,nan,nan,nan,nan,nan,nan,nan,nan,nan,nan,nan
1.226238690580871982e-02,2.470324025757864028e-03,2.343456671948462855e-03,6.320590294089600825e-03,1.286041686694128217e-02,2.123651611527443972e-02,3.103569426766006334e-02,4.199751463609269209e-02,5.394701789188727226e-02,6.676172979552275066e-02,8.035370664914187611e-02,9.465901201935755793e-02,1.096312039684510520e-01,1.252371417168414158e-01,1.414542133585856565e-01,1.582684802564551241e-01,1.756734431733839585e-01,1.936692533484090095e-01,2.122622624404125746e-01,2.314648505976253379e-01,2.512955037917974366e-01,2.717791371009961043e-01,2.929476848271426181e-01,3.148410056845070137e-01,3.375081871535452471e-01,3.610093854452458562e-01,3.854184200014696415e-01,4.108264794537803688e-01,4.373475400848083616e-01,4.651265561000222926e-01,4.943524026730234944e-01,5.252795702847351533e-01,5.582675348137189353e-01,5.938606786287015105e-01,6.329807988523049600e-01,6.775562144814902821e-01,7.365230219693805758e-01,nan,nan,nan,nan,nan,nan,nan,nan,nan,nan,nan,nan,nan
1.321801540227662830e-02,2.934918954230036903e-03,2.394833029843113081e-03,5.985539967053421506e-03,1.216046273853044202e-02,2.019189750007321926e-02,2.966640286246757796e-02,4.032369933415491658e-02,5.198920758140290754e-02,6.454099992067363623e-02,7.789183349287809310e-02,9.197863345629642140e-02,1.067559969560143429e-01,1.221920241665570561e-01,1.382655778353336640e-01,1.549644680549722153e-01,1.722842694039146139e-01,1.902275967818907176e-01,2.088037383166871930e-01,2.280285909398744870e-01,2.479248789031049949e-01,2.685226653161346677e-01,2.898601976832262395e-01,3.119851665778528016e-01,3.349565104906315760e-01,3.588469834404621750e-01,3.837468407297541795e-01,4.097692429971638850e-01,4.370584376226560597e-01,4.658026989934891393e-01,4.962560279887520132e-01,5.287775395658083077e-01,5.639114243625852341e-01,6.025795495599428619e-01,6.467108133906093181e-01,7.052435337600491128e-01,nan,nan,nan,nan,nan,nan,nan,nan,nan,nan,nan,nan,nan,nan
1.414380490220490394e-02,3.415589352804726531e-03,2.505498626570124010e-03,5.750255972644224833e-03,1.159866587258384651e-02,1.932224458547171508e-02,2.850770383896683580e-02,3.889525658311421275e-02,5.031099845910746993e-02,6.263382056929733821e-02,7.577744345759818145e-02,8.967991748916737116e-02,1.042971532672067880e-01,1.195987867625840639e-01,1.355654812602091752e-01,1.521871648452635117e-01,1.694619137102089113e-01,1.873953121162852398e-01,2.060001937834987640e-01,2.252967194936853490e-01,2.453127846257026068e-01,2.660847868437585806e-01,2.876588258724119829e-01,3.100924635032114018e-01,3.334572570999279062e-01,3.578424197774752180e-01,3.833602060744707440e-01,4.101540816411421986e-01,4.384116588551625338e-01,4.683864005714892809e-01,5.004370255643503240e-01,5.351075129975537692e-01,5.733198024540223647e-01,6.170034145822418381e-01,6.750990608940713456e-01,nan,nan,nan,nan,nan,nan,nan,nan,nan,nan,nan,nan,nan,nan,nan
1.503734186455285560e-02,3.905673792121588939e-03,2.665060554753462263e-03,5.601026903471528762e-03,1.115836036565454048e-02,1.860826493593226161e-02,2.753798047435762619e-02,3.768853056331367135e-02,4.888697136795250309e-02,6.101328267622174728e-02,7.398241570803731904e-02,8.773382178052857583e-02,1.022250197362422064e-01,1.174275062758705079e-01,1.333241129941766800e-01,1.499073119705385260e-01,1.671781847709294944e-01,1.851458921762048071e-01,2.038275586760467384e-01,2.232485400308398260e-01,2.434430878255005037e-01,2.644554722590410911e-01,2.863416841837846949e-01,3.091719248688813426e-01,3.330342334817093519e-01,3.580398491254828119e-01,3.843313650041779717e-01,4.120956567966387318e-01,4.415855892426945317e-01,4.731594393830504952e-01,5.073609459544954348e-01,5.451121149984716752e-01,5.883431255829418838e-01,6.459972513248051218e-01,nan,nan,nan,nan,nan,nan,nan,nan,nan,nan,nan,nan,nan,nan,nan,nan
1.589634372296599985e-02,4.399427871414229863e-03,2.864720203915149810e-03,5.526333137418903974e-03,1.082561056347075557e-02,1.803389074598515940e-02,2.673930259292800482e-02,3.668399115589471293e-02,4.769625791440823548e-02,5.965744720153964842e-02,7.248402134616749315e-02,8.611712963617113026e-02,1.005162247693920374e-01,1.156550316445246196e-01,1.315189752487788688e-01,1.481035741337970446e-01,1.654135209346492275e-01,1.834622966273438127e-01,2.022722461833715846e-01,2.218751042182031119e-01,2.423130156656669865e-01,2.636401618932662227e-01,2.859251937136463306e-01,3.092548166495098227e-01,3.337391223513114236e-01,3.595197221678378963e-01,3.867826647517781380e-01,4.157801433601888697e-01,4.468699363316999129e-01,4.805955031361359708e-01,5.178789018813025891e-01,5.606509995217598963e-01,6.178577995409575419e-01,nan,nan,nan,nan,nan,nan,nan,nan,nan,nan,nan,nan,nan,nan,nan,nan,nan
1.671861090101411929e-02,4.891825364464419401e-03,3.096950020471056497e-03,5.516419503734493190e-03,1.058869590172606401e-02,1.758568939159399491e-02,2.609677453925596247e-02,3.586552990941127561e-02,4.672179442578938691e-02,5.854856702044330952e-02,7.126412365191892029e-02,8.481164009609432064e-02,9.915287161317665188e-02,1.142641965568267359e-01,1.301341352894260783e-01,1.467618576388254326e-01,1.641564099000205612e-01,1.823365218463488535e-01,2.013309418317315025e-01,2.211793198035580943e-01,2.419337325434822716e-01,2.636610421235212609e-01,2.864464260899770576e-01,3.103986689024760270e-01,3.356582681308666327e-01,3.624103365244455421e-01,3.909063070029741294e-01,4.215033891731985172e-01,4.547447133692250620e-01,4.915523663094834017e-01,5.338579259108330310e-01,5.906102948006444198e-01,nan,nan,nan,nan,nan,nan,nan,nan,nan,nan,nan,nan,nan,nan,nan,nan,nan,nan
1.750198821698034646e-02,5.378407510801097580e-03,3.355249682558958391e-03,5.562973456509689996e-03,1.043772365929251933e-02,1.725242165410700856e-02,2.559804873320870033e-02,3.521993830490455224e-02,4.594977432896274472e-02,5.767252336446149208e-02,7.030860967579055654e-02,8.380360764572269971e-02,9.812200200627674285e-02,1.132433270731538766e-01,1.291598032051453071e-01,1.458749935056613545e-01,1.634032257627079376e-01,1.817696607043788326e-01,2.010109860356171785e-01,2.211768055107069531e-01,2.423318980903415021e-01,2.645596754276828833e-01,2.879674206568854089e-01,3.126943580919813170e-01,3.389245333143219296e-01,3.669085116294508175e-01,3.970028485889633973e-01,4.297502828514492279e-01,4.660728961613389565e-01,5.079029937907829639e-01,5.641925500914788394e-01,nan,nan,nan,nan,nan,nan,nan,nan,nan,nan,nan,nan,nan,nan,nan,nan,nan,nan,nan
1.824433263527325266e-02,5.855166868295680338e-03,3.633959932324515307e-03,5.658880514666675410e-03,1.036433616822085568e-02,1.702470994811455807e-02,2.523296376180139688e-02,3.473652464541787666e-02,4.536925336912922546e-02,5.701843008586737760e-02,6.960700618215986957e-02,8.308338535980852591e-02,9.741528628299223058e-02,1.125860046246791590e-01,1.285922027869439432e-01,1.454427646331308832e-01,1.631584811264374935e-01,1.817724795725871312e-01,2.013314255726164070e-01,2.218976478736061075e-01,2.435524986581920626e-01,2.664015223035381963e-01,2.905824761830479996e-01,3.162781800199101490e-01,3.437382019558790081e-01,3.733183399213870768e-01,4.055608634646267197e-01,4.413878040864125385e-01,4.827322034042607068e-01,5.385492848196788973e-01,nan,nan,nan,nan,nan,nan,nan,nan,nan,nan,nan,nan,nan,nan,nan,nan,nan,nan,nan,nan
1.894348521142064090e-02,6.318456410022599279e-03,3.928119146076491930e-03,5.798037608464978732e-03,1.036148959214300280e-02,1.689479089792222943e-02,2.499327927014693973e-02,3.440684041932251525e-02,4.497187782220779528e-02,5.657837604086068950e-02,6.915225143750092229e-02,8.264524558867203385e-02,9.702891864767404506e-02,1.122910706364994571e-01,1.284337337059939799e-01,1.454722940329830072e-01,1.634355412267414209e-01,1.823666078782851807e-01,2.023249095602073222e-01,2.233893732438327895e-01,2.456635118324772549e-01,2.692833790120281456e-01,2.944303758931321457e-01,3.213529165902853091e-01,3.504059157455932105e-01,3.821310785296421209e-01,4.174503271144915928e-01,4.582974398661822102e-01,5.136310724700428043e-01,nan,nan,nan,nan,nan,nan,nan,nan,nan,nan,nan,nan,nan,nan,nan,nan,nan,nan,nan,nan,nan
1.959724564154630144e-02,6.764917354644239822e-03,4.233352269044532434e-03,5.975210934918928629e-03,1.042328855245355790e-02,1.685633485234350193e-02,2.487248917748863253e-02,3.422449727935839014e-02,4.475171726439342024e-02,5.634728860551685425e-02,6.894060870078999592e-02,8.248736886115581868e-02,9.696371601304387688e-02,1.123628832890193330e-01,1.286934545088705972e-01,1.459788537484092430e-01,1.642579082476762764e-01,1.835865288696416631e-01,2.040407565630710796e-01,2.257217083919000888e-01,2.487634426374008001e-01,2.733457061622637241e-01,2.997155682463158444e-01,3.282269074303378886e-01,3.594207475631681081e-01,3.942188257497912796e-01,4.345556471959732825e-01,4.893934899233651770e-01,nan,nan,nan,nan,nan,nan,nan,nan,nan,nan,nan,nan,nan,nan,nan,nan,nan,nan,nan,nan,nan,nan
2.020334818229330143e-02,7.191421108997064771e-03,4.545784847875267154e-03,6.185929055198768900e-03,1.054486592590175853e-02,1.690432084131920920e-02,2.486570154902389973e-02,3.418506357226380743e-02,4.470519244080617405e-02,5.632291184301863041e-02,6.897171986406258615e-02,8.261200726471273903e-02,9.722543886251655554e-02,1.128118639497570630e-01,1.293879541241766962e-01,1.469872107976393227e-01,1.656612727665789375e-01,1.854827066968627314e-01,2.065497751087326250e-01,2.289941779582698178e-01,2.529937175027843210e-01,2.787938846431384787e-01,3.067473352319448621e-01,3.373942681447912317e-01,3.716561392882736792e-01,4.114681580952568307e-01,4.657964224389755659e-01,nan,nan,nan,nan,nan,nan,nan,nan,nan,nan,nan,nan,nan,nan,nan,nan,nan,nan,nan,nan,nan,nan,nan
2.075943792212098238e-02,7.595022003492601925e-03,4.861977083456814341e-03,6.426404941913488322e-03,1.072230086326175780e-02,1.703495998476478590e-02,2.496957884547890139e-02,3.428603583087375117e-02,4.483109668142115645e-02,5.650590273757971627e-02,6.924881048839348630e-02,8.302584574702931430e-02,9.782537663849644183e-02,1.136554059188139565e-01,1.305427331568893567e-01,1.485337120337593131e-01,1.676966724944962683e-01,1.881264374297580977e-01,2.099518918619498464e-01,2.333485322426414044e-01,2.585599830189015957e-01,2.859374482117719163e-01,3.160201247509393241e-01,3.497290658989715695e-01,3.890001467531297719e-01,4.428034903431322666e-01,nan,nan,nan,nan,nan,nan,nan,nan,nan,nan,nan,nan,nan,nan,nan,nan,nan,nan,nan,nan,nan,nan,nan,nan
2.126304649981825001e-02,7.972918421209396200e-03,5.178874431942204204e-03,6.693482942679573888e-03,1.095257102490898582e-02,1.724566410515371295e-02,2.518233701222016840e-02,3.452688672345249898e-02,4.513071729932294218e-02,5.690005970985345662e-02,6.977907257715565414e-02,8.374060664763693929e-02,9.878127300317496307e-02,1.149192693655824993e-01,1.321942993881423112e-01,1.506694506189290017e-01,1.704353486461812617e-01,1.916174815432996059e-01,2.143885856113698640e-01,2.389900602019693343e-01,2.657713740351883569e-01,2.952705030329700886e-01,3.284079445524903385e-01,3.671201804705723770e-01,4.203815719773835724e-01,nan,nan,nan,nan,nan,nan,nan,nan,nan,nan,nan,nan,nan,nan,nan,nan,nan,nan,nan,nan,nan,nan,nan,nan,nan
2.171156640341931343e-02,8.322420592947188389e-03,5.493772525463680445e-03,6.984608474044251558e-03,1.123353758919964918e-02,1.753505977189973031e-02,2.550380660591744508e-02,3.490919750946253064e-02,4.560807268404154513e-02,5.751271111018385618e-02,7.057427158048268367e-02,8.477397380219009460e-02,1.001187156482674645e-01,1.166396674939622624e-01,1.343933206894291077e-01,1.534651050253916793e-01,1.739763585117168887e-01,1.960964783871979034e-01,2.200641875434408146e-01,2.462268656168811187e-01,2.751209946186119470e-01,3.076663222697009203e-01,3.457998521315025497e-01,3.985004035842980574e-01,nan,nan,nan,nan,nan,nan,nan,nan,nan,nan,nan,nan,nan,nan,nan,nan,nan,nan,nan,nan,nan,nan,nan,nan,nan,nan
2.210222295265706904e-02,8.640923842562764357e-03,5.804295225750877307e-03,7.297819932574611812e-03,1.156396409493198885e-02,1.790305168369932254e-02,2.593556456146184352e-02,3.543689108106129471e-02,4.627029293163398282e-02,5.835531007312833029e-02,7.165165357609515340e-02,8.615096019074397482e-02,1.018731946825108814e-01,1.188663858906313653e-01,1.372094249309225855e-01,1.570185081236186164e-01,1.784589449554827567e-01,2.017662065951817407e-01,2.272851374367697019e-01,2.555503828742252681e-01,2.874806951554079726e-01,3.250134802533930500e-01,3.771322412785931277e-01,nan,nan,nan,nan,nan,nan,nan,nan,nan,nan,nan,nan,nan,nan,nan,nan,nan,nan,nan,nan,nan,nan,nan,nan,nan,nan,nan
2.243204297182621598e-02,8.925886484291378764e-03,6.108385593129206370e-03,7.631764020808673443e-03,1.194357296563353099e-02,1.835094370355161431e-02,2.648115212201140878e-02,3.611659256379484706e-02,4.712818916851302387e-02,5.944431004790773354e-02,7.303527452519609220e-02,8.790592062857038869e-02,1.040931686004165080e-01,1.216675214149262052e-01,1.407387013485110749e-01,1.614669450469063960e-01,1.840837280020268807e-01,2.089307898273158326e-01,2.365405047726598653e-01,2.678303158219956792e-01,3.047378670398361855e-01,3.562515735605591427e-01,nan,nan,nan,nan,nan,nan,nan,nan,nan,nan,nan,nan,nan,nan,nan,nan,nan,nan,nan,nan,nan,nan,nan,nan,nan,nan,nan,nan
2.269781898984379875e-02,9.174811948664429728e-03,6.404310573613569701e-03,7.985737667347336810e-03,1.237314704175462854e-02,1.888163171282641883e-02,2.714640412636293298e-02,3.695816036974375329e-02,4.819708307013026438e-02,6.080243947813745997e-02,7.475794902133980901e-02,9.008554377329947016e-02,1.068447189334791325e-01,1.251368896880513670e-01,1.451158974574030536e-01,1.670082435042901103e-01,1.911518252655313166e-01,2.180761885839734848e-01,2.486970635327039325e-01,2.849521079095294063e-01,3.358348753084683391e-01,nan,nan,nan,nan,nan,nan,nan,nan,nan,nan,nan,nan,nan,nan,nan,nan,nan,nan,nan,nan,nan,nan,nan,nan,nan,nan,nan,nan,nan
2.289606754367967678e-02,9.385235095641486502e-03,6.690681420457367246e-03,8.359762274690929473e-03,1.285468820005930546e-02,1.949989082725389622e-02,2.793992925025834406e-02,3.797545517119771397e-02,4.949801018403976460e-02,6.246056727146420684e-02,7.686414607649028063e-02,9.275339694219741915e-02,1.102188344965054911e-01,1.294060875416126466e-01,1.505353702959009166e-01,1.739397674287608275e-01,2.001452720764304027e-01,2.300653771036061945e-01,2.656374486962627124e-01,3.158603960666390709e-01,nan,nan,nan,nan,nan,nan,nan,nan,nan,nan,nan,nan,nan,nan,nan,nan,nan,nan,nan,nan,nan,nan,nan,nan,nan,nan,nan,nan,nan,nan
2.302297978093115205e-02,9.554713120181856922e-03,6.966493466419643177e-03,8.754699601110971230e-03,1.339165207937387247e-02,2.021279219116733916e-02,2.887380330868938305e-02,3.918745392488054424e-02,5.105948096280599202e-02,6.446047750848216129e-02,7.941439498547309128e-02,9.599705311296824473e-02,1.143432998834478243e-01,1.346652598447221072e-01,1.572899024907165044e-01,1.827387119363671486e-01,2.119222547335759543e-01,2.467771893856629539e-01,2.963079768862113550e-01,nan,nan,nan,nan,nan,nan,nan,nan,nan,nan,nan,nan,nan,nan,nan,nan,nan,nan,nan,nan,nan,nan,nan,nan,nan,nan,nan,nan,nan,nan,nan
2.307436201063539638e-02,9.680822044964010331e-03,7.231191141897630459e-03,9.172423887438441170e-03,1.398928857898928957e-02,2.103030459883092895e-02,2.996457438771515935e-02,4.061988277526584756e-02,5.292010596651430809e-02,6.685910242214077037e-02,8.249221476719648116e-02,9.993975785343300888e-02,1.194032222278282873e-01,1.412016743588113687e-01,1.658508031091971979e-01,1.942573300419058180e-01,2.283566361871196548e-01,2.771588910901848779e-01,nan,nan,nan,nan,nan,nan,nan,nan,nan,nan,nan,nan,nan,nan,nan,nan,nan,nan,nan,nan,nan,nan,nan,nan,nan,nan,nan,nan,nan,nan,nan,nan
2.304556306488014794e-02,9.761160648738886891e-03,7.484767569628680839e-03,9.616073084413701011e-03,1.465513480910751731e-02,2.196616911363358238e-02,3.123474069465326242e-02,4.230765968558469758e-02,5.513261571271632633e-02,6.973520562019919211e-02,8.621550108500208864e-02,1.047606465105144213e-01,1.256792837723357259e-01,1.494795381623037489e-01,1.770630404976147876e-01,2.103631073355682890e-01,2.583957052044988378e-01,nan,nan,nan,nan,nan,nan,nan,nan,nan,nan,nan,nan,nan,nan,nan,nan,nan,nan,nan,nan,nan,nan,nan,nan,nan,nan,nan,nan,nan,nan,nan,nan,nan
2.293138419077134227e-02,9.793364998623599327e-03,7.727913479808612429e-03,1.009041535892429842e-02,1.539973540027150811e-02,2.303919109859919878e-02,3.271497177362558961e-02,4.429865283614997651e-02,5.777023815117032779e-02,7.320041624496720356e-02,9.075634580726166245e-02,1.107325697139118770e-01,1.336271539531914687e-01,1.603349144127705905e-01,1.927860028689367677e-01,2.400021569821879641e-01,nan,nan,nan,nan,nan,nan,nan,nan,nan,nan,nan,nan,nan,nan,nan,nan,nan,nan,nan,nan,nan,nan,nan,nan,nan,nan,nan,nan,nan,nan,nan,nan,nan,nan
2.272596550477889998e-02,9.775138895504742464e-03,7.962239051851449645e-03,1.060238939894675436e-02,1.623771374900917497e-02,2.427519425140056697e-02,3.444754699641217055e-02,4.665967879511323524e-02,6.093728846397328258e-02,7.741853797698117212e-02,9.637829832441346944e-02,1.183009400143557599e-01,1.440720179170364990e-01,1.756169556838800272e-01,2.219630479915610799e-01,nan,nan,nan,nan,nan,nan,nan,nan,nan,nan,nan,nan,nan,nan,nan,nan,nan,nan,nan,nan,nan,nan,nan,nan,nan,nan,nan,nan,nan,nan,nan,nan,nan,nan,nan
2.242264049878495147e-02,9.704309154197732212e-03,8.190607349164658046e-03,1.116191597943783087e-02,1.718940529898294045e-02,2.571006832690103661e-02,3.649188293019811624e-02,4.948653154991544678e-02,6.478782110369873948e-02,8.264206460805090249e-02,1.035144277669006740e-01,1.282776276709719498e-01,1.588500920613378220e-01,2.042641486742533541e-01,nan,nan,nan,nan,nan,nan,nan,nan,nan,nan,nan,nan,nan,nan,nan,nan,nan,nan,nan,nan,nan,nan,nan,nan,nan,nan,nan,nan,nan,nan,nan,nan,nan,nan,nan,nan
2.201374616144369245e-02,9.578920968071558129e-03,8.417644632461862564e-03,1.178314909579747383e-02,1.828342908237345910e-02,2.739471157245598754e-02,3.893385257725356929e-02,5.292178586619589176e-02,6.956115644556981614e-02,8.928915662191516667e-02,1.129602356095485982e-01,1.424824474985310063e-01,1.868921141291832733e-01,nan,nan,nan,nan,nan,nan,nan,nan,nan,nan,nan,nan,nan,nan,nan,nan,nan,nan,nan,nan,nan,nan,nan,nan,nan,nan,nan,nan,nan,nan,nan,nan,nan,nan,nan,nan,nan
2.149037004210552215e-02,9.397400136331723886e-03,8.650541996714999904e-03,1.248647033234673298e-02,1.956090337167737392e-02,2.940344852970944167e-02,4.190248674711638532e-02,5.718900551560301970e-02,7.565735203414458709e-02,9.813506249650694180e-02,1.265146135932277982e-01,1.698344091622289165e-01,nan,nan,nan,nan,nan,nan,nan,nan,nan,nan,nan,nan,nan,nan,nan,nan,nan,nan,nan,nan,nan,nan,nan,nan,nan,nan,nan,nan,nan,nan,nan,nan,nan,nan,nan,nan,nan,nan
2.084200534321889453e-02,9.158830879407608982e-03,8.900358272675101823e-03,1.330180416341131266e-02,2.108271567026043236e-02,3.184929224847898865e-02,4.560241215935800785e-02,6.266611619985928971e-02,8.382638566339295494e-02,1.109517447926866573e-01,1.530792413728445656e-01,nan,nan,nan,nan,nan,nan,nan,nan,nan,nan,nan,nan,nan,nan,nan,nan,nan,nan,nan,nan,nan,nan,nan,nan,nan,nan,nan,nan,nan,nan,nan,nan,nan,nan,nan,nan,nan,nan,nan
2.005606764309730838e-02,8.863441946283079353e-03,9.184231075170745662e-03,1.427442678314649882e-02,2.294289521515779917e-02,3.491398607185991487e-02,5.038427541854872960e-02,7.007123430865280778e-02,9.580515280098378383e-02,1.366155012386192080e-01,nan,nan,nan,nan,nan,nan,nan,nan,nan,nan,nan,nan,nan,nan,nan,nan,nan,nan,nan,nan,nan,nan,nan,nan,nan,nan,nan,nan,nan,nan,nan,nan,nan,nan,nan,nan,nan,nan,nan,nan
1.911719560260061179e-02,8.513487409886000279e-03,9.529339537340586475e-03,1.547584950860325659e-02,2.529538223253779972e-02,3.891423857698328437e-02,5.692551716991278710e-02,8.109491201375518266e-02,1.204327083152677003e-01,nan,nan,nan,nan,nan,nan,nan,nan,nan,nan,nan,nan,nan,nan,nan,nan,nan,nan,nan,nan,nan,nan,nan,nan,nan,nan,nan,nan,nan,nan,nan,nan,nan,nan,nan,nan,nan,nan,nan,nan,nan
1.800619900889155467e-02,8.114923687922603879e-03,9.980521648370710430e-03,1.702608525126636518e-02,2.841423633481077182e-02,4.447479412797938902e-02,6.685431337661851270e-02,1.045209627992542689e-01,nan,nan,nan,nan,nan,nan,nan,nan,nan,nan,nan,nan,nan,nan,nan,nan,nan,nan,nan,nan,nan,nan,nan,nan,nan,nan,nan,nan,nan,nan,nan,nan,nan,nan,nan,nan,nan,nan,nan,nan,nan,nan
1.669839838379000296e-02,7.680827118499045092e-03,1.061633498053859981e-02,1.914507061792364295e-02,3.285477003881637215e-02,5.313795866760739894e-02,8.887090180830248265e-02,nan,nan,nan,nan,nan,nan,nan,nan,nan,nan,nan,nan,nan,nan,nan,nan,nan,nan,nan,nan,nan,nan,nan,nan,nan,nan,nan,nan,nan,nan,nan,nan,nan,nan,nan,nan,nan,nan,nan,nan,nan,nan,nan
1.516083878181889721e-02,7.239044042847420091e-03,1.158754230031461274e-02,2.229491075325573668e-02,4.003774363308054696e-02,7.347365982542930496e-02,nan,nan,nan,nan,nan,nan,nan,nan,nan,nan,nan,nan,nan,nan,nan,nan,nan,nan,nan,nan,nan,nan,nan,nan,nan,nan,nan,nan,nan,nan,nan,nan,nan,nan,nan,nan,nan,nan,nan,nan,nan,nan,nan,nan
1.334721979482095255e-02,6.851778979385270141e-03,1.322878930914733742e-02,2.771831281261116775e-02,5.832083282815025971e-02,nan,nan,nan,nan,nan,nan,nan,nan,nan,nan,nan,nan,nan,nan,nan,nan,nan,nan,nan,nan,nan,nan,nan,nan,nan,nan,nan,nan,nan,nan,nan,nan,nan,nan,nan,nan,nan,nan,nan,nan,nan,nan,nan,nan,nan
1.118756404906817714e-02,6.677286345070254647e-03,1.651081640721108190e-02,4.340444568861900887e-02,nan,nan,nan,nan,nan,nan,nan,nan,nan,nan,nan,nan,nan,nan,nan,nan,nan,nan,nan,nan,nan,nan,nan,nan,nan,nan,nan,nan,nan,nan,nan,nan,nan,nan,nan,nan,nan,nan,nan,nan,nan,nan,nan,nan,nan,nan
8.563213372961397951e-03,7.251399364483185339e-03,2.871692248481261256e-02,nan,nan,nan,nan,nan,nan,nan,nan,nan,nan,nan,nan,nan,nan,nan,nan,nan,nan,nan,nan,nan,nan,nan,nan,nan,nan,nan,nan,nan,nan,nan,nan,nan,nan,nan,nan,nan,nan,nan,nan,nan,nan,nan,nan,nan,nan,nan
5.224647780771210503e-03,1.425105940910149915e-02,nan,nan,nan,nan,nan,nan,nan,nan,nan,nan,nan,nan,nan,nan,nan,nan,nan,nan,nan,nan,nan,nan,nan,nan,nan,nan,nan,nan,nan,nan,nan,nan,nan,nan,nan,nan,nan,nan,nan,nan,nan,nan,nan,nan,nan,nan,nan,nan
0.000000000000000000e+00,nan,nan,nan,nan,nan,nan,nan,nan,nan,nan,nan,nan,nan,nan,nan,nan,nan,nan,nan,nan,nan,nan,nan,nan,nan,nan,nan,nan,nan,nan,nan,nan,nan,nan,nan,nan,nan,nan,nan,nan,nan,nan,nan,nan,nan,nan,nan,nan,nan
