2.220446049250313081e-16,9.289023351242042814e-03,2.506414615120045042e-02,4.314512249831392587e-02,6.248354063109196055e-02,8.263148224919647511e-02,1.033544332954100531e-01,1.245150326940387409e-01,1.460270985602392102e-01,1.678342083968609177e-01,1.898985463597161472e-01,2.121946084940878885e-01,2.347054266180866877e-01,2.574201940314639891e-01,2.803327173384330129e-01,3.034403788323628559e-01,3.267434276235505752e-01,3.502444903615207217e-01,3.739482338030619690e-01,3.978611360581767453e-01,4.219913385001093920e-01,4.463485600117393926e-01,4.709440616691846770e-01,4.957906544176817754e-01,5.209027455507788673e-01,5.462964223540731634e-01,5.719895734532762788e-01,5.980020504627361344e-01,6.243558746779049873e-01,6.510754960070109787e-01,6.781881143414645319e-01,7.057240774449244913e-01,7.337173746533933727e-01,7.622062528999863362e-01,7.912339918507265146e-01,8.208498899207583577e-01,8.511105353538052087e-01,8.820814709970312695e-01,9.138394159625728985e-01,9.464752967597995781e-01,9.800984928028807497e-01,1.014842972962243017e+00,1.050876512095427096e+00,1.088415209073031686e+00,1.127747791537240030e+00,1.169279726264764063e+00,1.213622844009831114e+00,1.261811544922443629e+00,1.316010784122142452e+00,1.386294361119890572e+00
2.058824303956319213e-03,6.949980140744993484e-03,1.936705303961860913e-02,3.467611532465952884e-02,5.162798472665663940e-02,6.966424159014472650e-02,8.848250828470083373e-02,1.079005425194894396e-01,1.278008282246072547e-01,1.481041401315303929e-01,1.687555154854203376e-01,1.897162107800727249e-01,2.109588110226752189e-01,2.324641168157774995e-01,2.542190906434292907e-01,2.762154637309613969e-01,2.984487713676184928e-01,3.209176760335762379e-01,3.436234902525954205e-01,3.665698425566186192e-01,3.897624494736531275e-01,4.132089689936537802e-01,4.369189193187835718e-01,4.609036524956363623e-01,4.851763767500680835e-01,5.097522246332911733e-01,5.346483668719727023e-01,5.598841744185483194e-01,5.854814338987813782e-01,6.114646247323591854e-01,6.378612699899672833e-01,6.647023779856067183e-01,6.920229983164805088e-01,7.198629255106847591e-01,7.482675971335144283e-01,7.772892535996226426e-01,8.069884581999879902e-01,8.374361252590211135e-01,8.687162851441974087e-01,9.009299523183866842e-01,9.342007075037750408e-01,9.686830658840119845e-01,1.004575630712853052e+00,1.042143061476007215e+00,1.081755838661135671e+00,1.123970823921695450e+00,1.169724965797120264e+00,1.220967207226926643e+00,1.286670971653728568e+00,nan
7.061483179226835105e-03,8.629593497410215086e-03,1.835682899438317861e-02,3.137139787970244509e-02,4.630954031541967275e-02,6.254381165854472346e-02,7.972653863354695059e-02,9.764401081811879823e-02,1.161559086342733860e-01,1.351659346913308690e-01,1.546060111574200091e-01,1.744271093583774634e-01,1.945936142119499834e-01,2.150797028962099233e-01,2.358669346719363125e-01,2.569426022514869068e-01,2.782985807468291162e-01,2.999305130382909912e-01,3.218372299700740236e-01,3.440203396785961321e-01,3.664839427884197809e-01,3.892344447161767418e-01,4.122804460499336354e-01,4.356326987718577293e-01,4.593041211028976445e-01,4.833098677041496316e-01,5.076674553812052793e-01,5.323969477007159945e-01,5.575212053984758276e-01,5.830662135144638603e-01,6.090615013015128199e-01,6.355406777688845654e-01,6.625421152037167527e-01,6.901098266691163552e-01,7.182946037585847820e-01,7.471555119251763744e-01,7.767618897295309743e-01,8.071960785283969209e-01,8.385572455469701980e-01,8.709669063751147577e-01,9.045772106285108194e-01,9.395839760624780101e-01,9.762484744183568264e-01,1.014936899423733330e+00,1.056200400515180826e+00,1.100967730202945027e+00,1.151174524030925017e+00,1.215764504672379065e+00,nan,nan
1.407942826038233175e-02,1.294495242411464186e-02,2.041107201125513804e-02,3.145353563104769101e-02,4.463533905237737631e-02,5.928246110611612441e-02,7.501522658101933416e-02,9.159686298934943682e-02,1.088698457274566156e-01,1.267246958535586110e-01,1.450830231627968647e-01,1.638875971388721320e-01,1.830961954024781235e-01,2.026776215461013608e-01,2.226090368661690633e-01,2.428741238030933669e-01,2.634617962323866358e-01,2.843652817146229417e-01,3.055814649037933428e-01,3.271104201698707969e-01,3.489550859142034334e-01,3.711210489577677629e-01,3.936164181327742595e-01,4.164517738072390785e-01,4.396401857603403629e-01,4.631972964190331776e-01,4.871414705473439133e-01,5.114940165235261071e-01,5.362794888019805084e-01,5.615260865549841496e-01,5.872661705041404279e-01,6.135369295671805334e-01,6.403812426808439540e-01,6.678488014706791542e-01,6.959975904533791669e-01,7.248958703938785941e-01,7.546248904359967868e-01,7.852826907227856701e-01,8.169895997519069919e-01,8.498964874017617133e-01,8.841977542342127627e-01,9.201530519605933822e-01,9.581266490952602410e-01,9.986672895123972493e-01,1.042700499644476198e+00,1.092157053369485098e+00,1.155970820244012875e+00,nan,nan,nan
2.264824911626217574e-02,1.922033923275590084e-02,2.472847134552991211e-02,3.403652748703234199e-02,4.565663951517151542e-02,5.888146588588283326e-02,7.330770472000303073e-02,8.868109104285737398e-02,1.048307570973534553e-01,1.216368158071593486e-01,1.390126175792605334e-01,1.568942911278323749e-01,1.752342232540087252e-01,1.939968139836995009e-01,2.131556175409452525e-01,2.326913653402800097e-01,2.525905720093690743e-01,2.728445401175592089e-01,2.934486464268266648e-01,3.144018333844690316e-01,3.357062554265396459e-01,3.573670466052273342e-01,3.793921876152291928e-01,4.017924585794775405e-01,4.245814702862420464e-01,4.477757718372445961e-01,4.713950375335199672e-01,4.954623408667166995e-01,5.200045292936328334e-01,5.450527207813172792e-01,5.706429529360176334e-01,5.968170294115698882e-01,6.236236287001939438e-01,6.511197714776121304e-01,6.793727916225064112e-01,7.084630359889978468e-01,7.384876540028374459e-01,7.695660804702729729e-01,8.018482712844632321e-01,8.355276706401385534e-01,8.708629011748483251e-01,9.082170844355637040e-01,9.481376251620063922e-01,9.915483791629009502e-01,1.040377795005354766e+00,1.103555481053017928e+00,nan,nan,nan,nan
3.249061431091393448e-02,2.706184373656039810e-02,3.083975958901430392e-02,3.859800578490590883e-02,4.881105004928976143e-02,6.074658147065115088e-02,7.398322470887530589e-02,8.825307072183519175e-02,1.033746697939653680e-01,1.192197679580063729e-01,1.356950056451838860e-01,1.527310754545030402e-01,1.702759312327187802e-01,1.882903477182243934e-01,2.067449181287910331e-01,2.256179709963667124e-01,2.448940974232570733e-01,2.645630978220736562e-01,2.846192264830996743e-01,3.050606546954918175e-01,3.258891000724000175e-01,3.471095875049554635e-01,3.687303194304902831e-01,3.907626420375173160e-01,4.132211010426961595e-01,4.361235867335102601e-01,4.594915738388452020e-01,4.833504681829945415e-01,5.077300798044787067e-01,5.326652523467860778e-01,5.581966926271744178e-01,5.843720648527686023e-01,6.112474451311066259e-01,6.388892809410252616e-01,6.673770802237790623e-01,6.968071907437348722e-01,7.272982726345968985e-01,7.589995232158559535e-01,7.921036318291490019e-01,8.268684547247031613e-01,8.636563148857067107e-01,9.030137551214703073e-01,9.458636516774698855e-01,9.941332389869058650e-01,1.056750255959753471e+00,nan,nan,nan,nan,nan
4.342401586022803794e-02,3.621544890507566450e-02,3.844180022460774726e-02,4.479890138025655055e-02,5.373185280655934370e-02,6.448890658240746809e-02,7.663444992231505104e-02,8.988968181938772339e-02,1.040646043203798943e-01,1.190241392599393766e-01,1.346694154347750638e-01,1.509266410559111371e-01,1.677401091834291869e-01,1.850676091457786887e-01,2.028773149533306119e-01,2.211456214133208364e-01,2.398556120960235738e-01,2.589959635074208233e-01,2.785601606799644747e-01,2.985459429035017820e-01,3.189549261044408723e-01,3.397923668741007486e-01,3.610670460718925501e-01,3.827912595555401642e-01,4.049809114000633148e-01,4.276557120316794025e-01,4.508394909274919815e-01,4.745606418446218777e-01,4.988527290884494647e-01,5.237552977331227932e-01,5.493149514933463040e-01,5.755867932883392823e-01,6.026363726783062758e-01,6.305423644358235657e-01,6.594003385661512118e-01,6.893282243974212520e-01,7.204745275503445789e-01,7.530312772607583582e-01,7.872556937834493951e-01,8.235094804131547486e-01,8.623385680537167808e-01,9.046652193578894607e-01,9.524160450321603744e-01,1.014518181176437661e+00,nan,nan,nan,nan,nan,nan
5.532089113044702522e-02,4.650640340767564496e-02,4.732591706095690132e-02,5.240494838030151925e-02,6.016470839467003007e-02,6.983782818334149933e-02,8.097719850690987542e-02,9.329515257613074652e-02,1.065946811139207862e-01,1.207350752821123585e-01,1.356128997082942655e-01,1.511506464415444118e-01,1.672895838655910072e-01,1.839850540076155561e-01,2.012032771459733027e-01,2.189191266292018767e-01,2.371145529313014588e-01,2.557774579282019456e-01,2.749008924609439575e-01,2.944824946784599939e-01,3.145241151889910380e-01,3.350315942261330449e-01,3.560146696622085161e-01,3.774870051335734722e-01,3.994663363639541220e-01,4.219747421973123469e-01,4.450390559999288786e-01,4.686914442283383053e-01,4.929701937879328311e-01,5.179207709029091111e-01,5.435972457903296418e-01,5.700642267452940004e-01,5.973995274633872032e-01,6.256979275923472139e-01,6.550766289174911883e-01,6.856834658908265157e-01,7.177098480398433900e-01,7.514124243321342878e-01,7.871523749876839782e-01,8.254751611706792058e-01,8.673026468754250207e-01,9.145611730214482371e-01,9.761780428314815738e-01,nan,nan,nan,nan,nan,nan,nan
6.808848490937924325e-02,5.780909940003176040e-02,5.734204145589050228e-02,6.124716208351088653e-02,6.792554315883281291e-02,7.659691565513560008e-02,8.680468929385010135e-02,9.825386145101300261e-02,1.107415999912377824e-01,1.241225088820913092e-01,1.382893534672700042e-01,1.531615428070278728e-01,1.686778560351285261e-01,1.847916508285021298e-01,2.014676035663797160e-01,2.186794381844558988e-01,2.364083189542107721e-01,2.546417057838663567e-01,2.733725437330327690e-01,2.925987036660879781e-01,3.123226202223294834e-01,3.325510931800434999e-01,3.532952327366944978e-01,3.745705406800856618e-01,3.963971296141843847e-01,4.188000927572903542e-01,4.418100488071768916e-01,4.654639017917814314e-01,4.898058773503203289e-01,5.148889287795074265e-01,5.407766557350752734e-01,5.675459588898673635e-01,5.952907901803323742e-01,6.241276008473078951e-01,6.542035459731619929e-01,6.857094233236342706e-01,7.189013373444653743e-01,7.541399956405451244e-01,7.919704728441292474e-01,8.333143686245738646e-01,8.800979847704930581e-01,9.412493093014131507e-01,nan,nan,nan,nan,nan,nan,nan,nan
8.165756231205412163e-02,7.003047695388397997e-02,6.837888190335095207e-02,7.119986501732422646e-02,7.687704235561587662e-02,8.461923957023242959e-02,9.396190444343210935e-02,1.046038801615674085e-01,1.163374504308027912e-01,1.290132932968319768e-01,1.425210050971350562e-01,1.567774448976917423e-01,1.717193634106571887e-01,1.872985418827806114e-01,2.034784830702659475e-01,2.202321067165072810e-01,2.375401219428396882e-01,2.553898735287055688e-01,2.737745330586216497e-01,2.926925519196212910e-01,3.121473231414533256e-01,3.321470198099467641e-01,3.527045932631345249e-01,3.738379271089953271e-01,3.955701552279895505e-01,4.179301651121274386e-01,4.409533241619422173e-01,4.646824886912114261e-01,4.891693877178714400e-01,5.144765235047128460e-01,5.406798114842461533e-01,5.678723187546410589e-01,5.961697031244351797e-01,6.257184114360826444e-01,6.567086153800912873e-01,6.893958767220998984e-01,7.241404517485601211e-01,7.614870757785339173e-01,8.023571707891606897e-01,8.486771591960523553e-01,9.093760907762725720e-01,nan,nan,nan,nan,nan,nan,nan,nan,nan
9.597559135898869886e-02,8.310016460271807404e-02,8.035211902515726479e-02,8.216755225972471877e-02,8.691454962552602748e-02,9.379252913223901089e-02,1.023301471115365402e-01,1.122210243656207584e-01,1.232533169977454435e-01,1.352744039469863102e-01,1.481712428581839491e-01,1.618586014646778981e-01,1.762716081628086240e-01,1.913608364802676931e-01,2.070889593868285861e-01,2.234284222366683670e-01,2.403598046933772547e-01,2.578706676484252558e-01,2.759547560196580207e-01,2.946114751359270034e-01,3.138455892957845439e-01,3.336671128817337850e-01,3.540913812813200057e-01,3.751393036409738091e-01,3.968378144451707445e-01,4.192205584017547615e-01,4.423288660958839547e-01,4.662131108151625902e-01,4.909345872855213067e-01,5.165681340778411901e-01,5.432058582903529498e-01,5.709625641813620422e-01,5.999839445004009342e-01,6.304595132085972775e-01,6.626442727997569060e-01,6.968980290049254789e-01,7.337652008389735636e-01,7.741670884477089842e-01,8.200303506478322513e-01,8.802853921724609343e-01,nan,nan,nan,nan,nan,nan,nan,nan,nan,nan
1.110023885500365237e-01,9.696427658287065654e-02,9.319697289231088089e-02,9.407659508766008649e-02,9.795713326773991536e-02,1.040297458904075878e-01,1.118172180297345442e-01,1.210086975597718384e-01,1.313888350159713170e-01,1.428022371086886677e-01,1.551336788603061567e-01,1.682962407477410771e-01,1.822237959245441852e-01,1.968660526814569600e-01,2.121851828635021864e-01,2.281534821528359291e-01,2.447517311560836184e-01,2.619680529606005503e-01,2.797971386166424601e-01,2.982397597540074052e-01,3.173025195141412347e-01,3.369978161848978804e-01,3.573440127551503753e-01,3.783658232342448358e-01,4.000949458567966133e-01,4.225709975025999654e-01,4.458428374652955162e-01,4.699704196664018507e-01,4.950273939054508077e-01,5.211048139672400659e-01,5.483165538310665887e-01,5.768074906930169554e-01,6.067664340006533319e-01,6.384477951594624834e-01,6.722109140780576642e-01,7.085998986114807607e-01,7.485359614490501023e-01,7.939460845000886335e-01,8.537622685273197343e-01,nan,nan,nan,nan,nan,nan,nan,nan,nan,nan,nan
1.267072159419450061e-01,1.115813328082307931e-01,1.068633135669421197e-01,1.068697696437230782e-01,1.099416791161260676e-01,1.152628375508870651e-01,1.223508960406798352e-01,1.308911441711577694e-01,1.406652488637936127e-01,1.515154971856194077e-01,1.633248830369810056e-01,1.760051647454423662e-01,1.894893011677348804e-01,2.037264627997501520e-01,2.186786441027381844e-01,2.343183207071437568e-01,2.506268196315277752e-01,2.675931984912593986e-01,2.852135065018057691e-01,3.034903489839483326e-01,3.224327104995036164e-01,3.420560169356643421e-01,3.623824385552083527e-01,3.834414579788412158e-01,4.052707530737468256e-01,4.279174797663944929e-01,4.514400916405486575e-01,4.759109153254397206e-01,5.014198384216619342e-01,5.280797105883737741e-01,5.560345163593419793e-01,5.854722993799255093e-01,6.166468342832734928e-01,6.499169661000515630e-01,6.858264822388595583e-01,7.252965260896260258e-01,7.702544689561037217e-01,8.296341153621680231e-01,nan,nan,nan,nan,nan,nan,nan,nan,nan,nan,nan,nan
1.430667808156559362e-01,1.269194794887044120e-01,1.213123311571232543e-01,1.205025232311487393e-01,1.228188505105478612e-01,1.274384581317948850e-01,1.338744650032210881e-01,1.418088166136879380e-01,1.510206437298140525e-01,1.613503116906959134e-01,1.726793957745550445e-01,1.849186711586696674e-01,1.980005083678022526e-01,2.118738627172307432e-01,2.265008800524466182e-01,2.418545607949575960e-01,2.579171502783371706e-01,2.746790524321038873e-01,2.921381419599882179e-01,3.102994005723709314e-01,3.291748382748980184e-01,3.487836887983997158e-01,3.691528942932851276e-01,3.903179231077245070e-01,4.123240013264013459e-01,4.352278918480316783e-01,4.591004378301173361e-01,4.840302257637986161e-01,5.101289679022091850e-01,5.375396622949535352e-01,5.664495105464628644e-01,5.971115911409817789e-01,6.298842122494618945e-01,6.653108188385934429e-01,7.043124899125234872e-01,7.488170373125917489e-01,8.077602554872216345e-01,nan,nan,nan,nan,nan,nan,nan,nan,nan,nan,nan,nan,nan
1.600638220904035958e-01,1.429545432360778134e-01,1.365142051195040729e-01,1.349403567029631157e-01,1.365502507113559583e-01,1.405149573979285194e-01,1.463435640819690242e-01,1.537151114235055793e-01,1.624065865745253356e-01,1.722567919231947631e-01,1.831462204543565786e-01,1.949849882042555826e-01,2.077051985369680054e-01,2.212559192994338897e-01,2.355997918167580529e-01,2.507107127169385663e-01,2.665722571796096396e-01,2.831766427383122231e-01,3.005241124761480753e-01,3.186226689526830969e-01,3.374881285751798465e-01,3.571444985758046586e-01,3.776247115619535411e-01,3.989717921714435178e-01,4.212405853006726542e-01,4.445002597118457022e-01,4.688379402116269468e-01,4.943640668236944924e-01,5.212205386344661573e-01,5.495936227240634242e-01,5.797356276650719176e-01,6.120042697752785532e-01,6.469426174859691514e-01,6.854716786373961090e-01,7.295197447561310167e-01,7.880247725346332111e-01,nan,nan,nan,nan,nan,nan,nan,nan,nan,nan,nan,nan,nan,nan
1.776860929479311402e-01,1.596686401982754244e-01,1.524464383992046868e-01,1.501569508642986994e-01,1.511063888448396231e-01,1.544602204600629136e-01,1.597239262664085224e-01,1.665740259563182057e-01,1.747857161792610858e-01,1.841965688105897669e-01,1.946863157950700085e-01,2.061647332179732395e-01,2.185639835740240677e-01,2.318335903446024915e-01,2.459370611041520327e-01,2.608495998712971886e-01,2.765565788894475130e-01,2.930525723852681619e-01,3.103408367620951180e-01,3.284331771827586621e-01,3.473501832787230237e-01,3.671218559680602400e-01,3.877886910634857909e-01,4.094033430208674496e-01,4.320330783845902634e-01,4.557633692099761769e-01,4.807032230088292835e-01,5.069933059440487888e-01,5.348188397623180323e-01,5.644312735405641046e-01,5.961876629076915401e-01,6.306306533701262484e-01,6.686811637196411473e-01,7.122679941586427255e-01,7.703314273660523126e-01,nan,nan,nan,nan,nan,nan,nan,nan,nan,nan,nan,nan,nan,nan,nan
1.959256202103014655e-01,1.770491675777947638e-01,1.690926489274811040e-01,1.661328054791889608e-01,1.664652007380614807e-01,1.692500958970017955e-01,1.739897332266708840e-01,1.803584553381694100e-01,1.881299948237891151e-01,1.971410102158941413e-01,2.072707887515856662e-01,2.184290908406536502e-01,2.305484798095700505e-01,2.435793046178931220e-01,2.574863497398365286e-01,2.722465936145768151e-01,2.878477487777435506e-01,3.042873915609509705e-01,3.215725742715508373e-01,3.397198727388930362e-01,3.587558717383469986e-01,3.787181409775531860e-01,3.996568161649136641e-01,4.216369886573042569e-01,4.447422498307729288e-01,4.690799840121664399e-01,4.947894651899260587e-01,5.220547377324966654e-01,5.511262836537151877e-01,5.823604137119038349e-01,6.162992909365494487e-01,6.538637159347029382e-01,6.969830173387823180e-01,7.545999626874341226e-01,nan,nan,nan,nan,nan,nan,nan,nan,nan,nan,nan,nan,nan,nan,nan,nan
2.147781632109928562e-01,1.950880669812518065e-01,1.864416855814519103e-01,1.828542423771053471e-01,1.826109647991400742e-01,1.848672440042498089e-01,1.891224114318995619e-01,1.950489492228553168e-01,2.024194367241074488e-01,2.110699311591601735e-01,2.208795963625913572e-01,2.317585167172111493e-01,2.436400248485919295e-01,2.564757049999710770e-01,2.702320851775521504e-01,2.848884614764493062e-01,3.004355325376009134e-01,3.168746601953862374e-01,3.342176619994624565e-01,3.524871081849539900e-01,3.717171562686714115e-01,3.919550248017313887e-01,4.132633009978943228e-01,4.357234224364232578e-01,4.594409227540789953e-01,4.845534942264311251e-01,5.112438466960751438e-01,5.397613666054534853e-01,5.704615181231842413e-01,6.038859075921292341e-01,6.409551762797962571e-01,6.835991919888999568e-01,7.407633637959356587e-01,nan,nan,nan,nan,nan,nan,nan,nan,nan,nan,nan,nan,nan,nan,nan,nan,nan
2.342428209630227354e-01,2.137812869535539173e-01,2.044869812746182847e-01,2.003126749359140923e-01,1.995335076365273297e-01,2.013002941759876041e-01,2.051097541786540690e-01,2.106328096183622822e-01,2.176411918702996218e-01,2.259706736217532708e-01,2.355006318640671115e-01,2.461418413360121349e-01,2.578288124322103414e-01,2.705148305748115156e-01,2.841687103158299088e-01,2.987727114777536386e-01,3.143213029460854013e-01,3.308206026607682926e-01,3.482884190214088349e-01,3.667548968709773982e-01,3.862638500657906704e-01,4.068749624028709100e-01,4.286671884380401920e-01,4.517439383850225809e-01,4.762410964837260341e-01,5.023398507600176366e-01,5.302883387398915627e-01,5.604410557825234562e-01,5.933389605225143359e-01,6.299024803515685944e-01,6.720620236003976844e-01,7.287657973188658156e-01,nan,nan,nan,nan,nan,nan,nan,nan,nan,nan,nan,nan,nan,nan,nan,nan,nan,nan
2.543217531180230750e-01,2.331283960350736262e-01,2.232260846808455934e-01,2.185040784329399521e-01,2.172276288085280838e-01,2.185432370526840806e-01,2.219452923909583930e-01,2.271034506501126149e-01,2.337889048046650764e-01,2.418374747815028591e-01,2.511291139029592223e-01,2.615756936308393232e-01,2.731133667565570633e-01,2.856976623085787370e-01,2.993003274719368001e-01,3.139073705304269435e-01,3.295180024151813658e-01,3.461443246548578934e-01,3.638117193858456666e-01,3.825599933612596759e-01,4.024454382272439901e-01,4.235441257560281780e-01,4.459570137857040706e-01,4.698179069624193183e-01,4.953062475257064001e-01,5.226687408436556659e-01,5.522587668582648046e-01,5.846165257557484063e-01,6.206621611383195125e-01,6.623266129106285538e-01,7.185610437036928921e-01,nan,nan,nan,nan,nan,nan,nan,nan,nan,nan,nan,nan,nan,nan,nan,nan,nan,nan,nan
2.750199912737536501e-01,2.531323133802578784e-01,2.426603309627359817e-01,2.374286168906324379e-01,2.356926969370773950e-01,2.365950012738562425e-01,2.396278624236312105e-01,2.444599675610166223e-01,2.508622953543723222e-01,2.586710710966519944e-01,2.677672274865445790e-01,2.780641952396680772e-01,2.895003108150273619e-01,3.020339925627899547e-01,3.156407053784409111e-01,3.303111788642437707e-01,3.460505953077946950e-01,3.628786254397508015e-01,3.808303162752137982e-01,3.999579632190466416e-01,4.203342657082944633e-01,4.420573295220288079e-01,4.652585518644085649e-01,4.901153600486115591e-01,5.168728075952848666e-01,5.458829829906671760e-01,5.776851936980903490e-01,6.131992115155182610e-01,6.543564871375420200e-01,7.101112985334998573e-01,nan,nan,nan,nan,nan,nan,nan,nan,nan,nan,nan,nan,nan,nan,nan,nan,nan,nan,nan,nan
2.963453247879863639e-01,2.737991346141338544e-01,2.627946246518928497e-01,2.570903963988945273e-01,2.549323850091224086e-01,2.554591812951074736e-01,2.581613366477348848e-01,2.627068807006686102e-01,2.688669277423670900e-01,2.764785061569590141e-01,2.854239871320920496e-01,2.956188998566674497e-01,3.070044091916317441e-01,3.195426078235450440e-01,3.332136520194630691e-01,3.480142237129213445e-01,3.639570648756536020e-01,3.810715105230861877e-01,3.994051048085922595e-01,4.190265694416552833e-01,4.400306683575809785e-01,4.625459925894583879e-01,4.867476291089021245e-01,5.128787149408693402e-01,5.412898351154670218e-01,5.725192416051025912e-01,6.074862246801586707e-01,6.481227110207722353e-01,7.033862564194188760e-01,nan,nan,nan,nan,nan,nan,nan,nan,nan,nan,nan,nan,nan,nan,nan,nan,nan,nan,nan,nan,nan
3.183082506925072330e-01,2.951380380924142344e-01,2.836373168168935255e-01,2.774973250387822166e-01,2.749545237822016430e-01,2.751438946691586729e-01,2.775544953618609423e-01,2.818540338966906145e-01,2.878141491501444715e-01,2.952731261170696841e-01,3.041153102099856120e-01,3.142589718816080069e-01,3.256488887004876931e-01,3.382518017362805551e-01,3.520537911008746468e-01,3.670590820097657803e-01,3.832900751925931715e-01,4.007886079267040103e-01,4.196186671843542548e-01,4.398710689680829233e-01,4.616711090522087613e-01,4.851911377183157903e-01,5.106720547563036172e-01,5.384626852879684789e-01,5.691000280964579883e-01,6.035027557698584566e-01,6.436032191437224270e-01,6.983624172133420238e-01,nan,nan,nan,nan,nan,nan,nan,nan,nan,nan,nan,nan,nan,nan,nan,nan,nan,nan,nan,nan,nan,nan
3.409219813830614010e-01,3.171612622522363978e-01,3.052001652784339658e-01,2.986610670562697134e-01,2.957710605326515640e-01,2.956617562877004168e-01,2.978210284972826472e-01,3.019166374867783276e-01,3.077211908914568861e-01,3.150747601991022995e-01,3.238643043415353473e-01,3.340116175992962066e-01,3.454660640019424633e-01,3.582002665162584698e-01,3.722078224600881002e-01,3.875026033667369196e-01,4.041195125730352444e-01,4.221168436881344022e-01,4.415807063955218270e-01,4.626324954112582821e-01,4.854413374717545526e-01,5.102455035993964660e-01,5.373917469871034580e-01,5.674155722133169544e-01,6.012348654289703109e-01,6.407823287337739426e-01,6.950225722935285955e-01,nan,nan,nan,nan,nan,nan,nan,nan,nan,nan,nan,nan,nan,nan,nan,nan,nan,nan,nan,nan,nan,nan,nan
3.642025070208085857e-01,3.398841490560848833e-01,3.274983718114126141e-01,3.205970848803705309e-01,3.173981170748769731e-01,3.170299645686460721e-01,3.189796640060145183e-01,3.229154558847178169e-01,3.286114365132675186e-01,3.359100970844035583e-01,3.447017891904705644e-01,3.549128032979572689e-01,3.664983237497203561e-01,3.794384507784043237e-01,3.937364057517867000e-01,4.094185563216796719e-01,4.265362712199094464e-01,4.451699928151066077e-01,4.654364560444215204e-01,4.875009602444031476e-01,5.115986657002438154e-01,5.380738713897244008e-01,5.674602923476369520e-01,6.006748188499688723e-01,6.396504049315592244e-01,6.933554415818293792e-01,nan,nan,nan,nan,nan,nan,nan,nan,nan,nan,nan,nan,nan,nan,nan,nan,nan,nan,nan,nan,nan,nan,nan,nan
3.881687123891206515e-01,3.633252521635237375e-01,3.505506946451653061e-01,3.433247676743239607e-01,3.398561468537140140e-01,3.392705013640415768e-01,3.410544277716214268e-01,3.448771490566068243e-01,3.505148728128726354e-01,3.578132828314821712e-01,3.666670925107725632e-01,3.770083215272402866e-01,3.887995712040348550e-01,4.020305293365677990e-01,4.167168970487069579e-01,4.329015098806727746e-01,4.506579075448761129e-01,4.700972029273938757e-01,4.913801106936046548e-01,5.147380813783899445e-01,5.405124875323320532e-01,5.692348904005615218e-01,6.018209236019418373e-01,6.402036601771801116e-01,6.933554415818292682e-01,nan,nan,nan,nan,nan,nan,nan,nan,nan,nan,nan,nan,nan,nan,nan,nan,nan,nan,nan,nan,nan,nan,nan,nan,nan
4.128425505898847270e-01,3.875065118040134093e-01,3.743796386142455024e-01,3.668676499148268988e-01,3.631701966254006209e-01,3.624104542314856570e-01,3.640750483005549265e-01,3.678347878744352428e-01,3.734687535057692465e-01,3.808267844294941362e-01,3.898091860882101356e-01,4.003553041154813696e-01,4.124372698788975056e-01,4.260572200933354647e-01,4.412473165370219830e-01,4.580725819644522190e-01,4.766372691737779110e-01,4.970965465276672157e-01,5.196774021566421542e-01,5.447176933885669037e-01,5.727463749768522128e-01,6.046774975639221950e-01,6.424440770825086133e-01,6.950225722935285955e-01,nan,nan,nan,nan,nan,nan,nan,nan,nan,nan,nan,nan,nan,nan,nan,nan,nan,nan,nan,nan,nan,nan,nan,nan,nan,nan
4.382492786807661300e-01,4.124535016977838309e-01,3.990117294332005127e-01,3.912537285138755205e-01,3.873702844138198209e-01,3.864824774366324434e-01,3.880775293592911845e-01,3.918285763945771327e-01,3.975185231154358956e-01,4.050025882812220424e-01,4.141882641115124386e-01,4.250243367856548771e-01,4.374953341155736197e-01,4.516198316995004847e-01,4.674521855229631928e-01,4.850881691490562808e-01,5.046761659531669997e-01,5.264377441362795285e-01,5.507065037163860755e-01,5.780082252369311835e-01,6.092549653994155934e-01,6.463794508061568855e-01,6.983624172133420238e-01,nan,nan,nan,nan,nan,nan,nan,nan,nan,nan,nan,nan,nan,nan,nan,nan,nan,nan,nan,nan,nan,nan,nan,nan,nan,nan,nan
4.644177633934191141e-01,4.381957571011585451e-01,4.244778831796895968e-01,4.165158927560503876e-01,4.124919127454870216e-01,4.115254175676422710e-01,4.131049264327084636e-01,4.169068316124340257e-01,4.227190735639533292e-01,4.304038396148465173e-01,4.398779226612401505e-01,4.511024196577528844e-01,4.640782534598117959e-01,4.788461866230145914e-01,4.954913555226521105e-01,5.141537367164443761e-01,5.350482429300834619e-01,5.585032700537432282e-01,5.850407050428030331e-01,6.155700889811366316e-01,6.520235532047253812e-01,7.033862564194188760e-01,nan,nan,nan,nan,nan,nan,nan,nan,nan,nan,nan,nan,nan,nan,nan,nan,nan,nan,nan,nan,nan,nan,nan,nan,nan,nan,nan,nan
4.913808687118497165e-01,4.647671975002258815e-01,4.508138876474989676e-01,4.426924884605474286e-01,4.385767455138180893e-01,4.375851422140956126e-01,4.392083802884074739e-01,4.431272961239307584e-01,4.491364427172492846e-01,4.571070851911367416e-01,4.669681888893293387e-01,4.786971676939832943e-01,4.923171020270156184e-01,5.078995511285362419e-01,5.255739208784374616e-01,5.455468481337233388e-01,5.681402995860376226e-01,5.938713461228968260e-01,6.236463447202102994e-01,6.593964275208945569e-01,7.101112985334999683e-01,nan,nan,nan,nan,nan,nan,nan,nan,nan,nan,nan,nan,nan,nan,nan,nan,nan,nan,nan,nan,nan,nan,nan,nan,nan,nan,nan,nan,nan
5.191759416867570698e-01,4.922066631041795981e-01,4.780610193979979439e-01,4.698280471621845145e-01,4.656734894604925845e-01,4.647156276867780988e-01,4.664484860014652678e-01,4.705588962026535649e-01,4.768501209774993477e-01,4.852053722837048610e-01,4.955697993536331003e-01,5.079429092140370638e-01,5.223785737546960961e-01,5.389926771590811683e-01,5.579814150922670635e-01,5.796587142489073585e-01,6.045356302147126826e-01,6.335144696898037386e-01,6.685248297444816856e-01,7.185610437036928921e-01,nan,nan,nan,nan,nan,nan,nan,nan,nan,nan,nan,nan,nan,nan,nan,nan,nan,nan,nan,nan,nan,nan,nan,nan,nan,nan,nan,nan,nan,nan
5.478454189068030500e-01,5.205585917370090243e-01,5.062668299816146522e-01,4.979742240187153834e-01,4.938390391106510791e-01,4.929803872332463310e-01,4.948971134095743185e-01,4.992841153710442237e-01,5.059562236505907862e-01,5.148126092819251820e-01,5.258203932589544660e-01,5.390098337832155417e-01,5.544791636265928858e-01,5.724111798840245680e-01,5.931096115245686473e-01,6.170779150024836568e-01,6.452132098236470492e-01,6.794428418532282299e-01,7.287657973188657046e-01,nan,nan,nan,nan,nan,nan,nan,nan,nan,nan,nan,nan,nan,nan,nan,nan,nan,nan,nan,nan,nan,nan,nan,nan,nan,nan,nan,nan,nan,nan,nan
5.774375842536036973e-01,5.498738729325181041e-01,5.354861482520016924e-01,5.271910065744493945e-01,5.231399701368146804e-01,5.224543596224634490e-01,5.246398535624955395e-01,5.294022465426924118e-01,5.365719410794485000e-01,5.460698622933606305e-01,5.578937837026070046e-01,5.721183266917770904e-01,5.889087453954977569e-01,6.085556173230675103e-01,6.315526693692468108e-01,6.587903188395918264e-01,6.921926940077487433e-01,7.407633637959355477e-01,nan,nan,nan,nan,nan,nan,nan,nan,nan,nan,nan,nan,nan,nan,nan,nan,nan,nan,nan,nan,nan,nan,nan,nan,nan,nan,nan,nan,nan,nan,nan,nan
6.080075200057905027e-01,5.802109304378609833e-01,5.657823650406093030e-01,5.575482836389935581e-01,5.536545056859341063e-01,5.532264379565225987e-01,5.557793605102576695e-01,5.610339424708212785e-01,5.688419509437854238e-01,5.791547645114176746e-01,5.920144639375792828e-01,6.075627713665072704e-01,6.260729646947493787e-01,6.480261135519864713e-01,6.743038782176664636e-01,7.068258490626077029e-01,7.545999626874341226e-01,nan,nan,nan,nan,nan,nan,nan,nan,nan,nan,nan,nan,nan,nan,nan,nan,nan,nan,nan,nan,nan,nan,nan,nan,nan,nan,nan,nan,nan,nan,nan,nan,nan
6.396183096926894018e-01,6.116371051919077262e-01,5.972290950809193699e-01,5.891279047213100473e-01,5.854751420795177852e-01,5.854029156860562910e-01,5.884400174855211052e-01,5.943277608575551207e-01,6.029479856682442573e-01,6.142962186305698236e-01,6.284816659852183740e-01,6.457542995169412992e-01,6.665784050714853581e-01,6.918240402857995797e-01,7.234044259810172850e-01,7.703314273660523126e-01,nan,nan,nan,nan,nan,nan,nan,nan,nan,nan,nan,nan,nan,nan,nan,nan,nan,nan,nan,nan,nan,nan,nan,nan,nan,nan,nan,nan,nan,nan,nan,nan,nan,nan
6.723425749871974055e-01,6.442304418616449091e-01,6.299123546417578767e-01,6.220264249701691339e-01,6.187122205448474244e-01,6.191122904763738388e-01,6.227746384776988720e-01,6.294699166380842703e-01,6.391237630812086623e-01,6.517987523317145815e-01,6.677125230340891227e-01,6.873065819061952020e-01,7.114353444627303791e-01,7.420030729741731168e-01,7.880247725346329890e-01,nan,nan,nan,nan,nan,nan,nan,nan,nan,nan,nan,nan,nan,nan,nan,nan,nan,nan,nan,nan,nan,nan,nan,nan,nan,nan,nan,nan,nan,nan,nan,nan,nan,nan,nan
7.062644647385414309e-01,6.780820294083264033e-01,6.639334617021664942e-01,6.563588351624977113e-01,6.534989005882119173e-01,6.545121554035944200e-01,6.589744419821805810e-01,6.666994836275565994e-01,6.776796918683141158e-01,6.920861637785271636e-01,7.103285884779426684e-01,7.332398317656075859e-01,7.627114532497453192e-01,8.077602554872215235e-01,nan,nan,nan,nan,nan,nan,nan,nan,nan,nan,nan,nan,nan,nan,nan,nan,nan,nan,nan,nan,nan,nan,nan,nan,nan,nan,nan,nan,nan,nan,nan,nan,nan,nan,nan,nan
7.414822693873582837e-01,7.132991207404096867e-01,6.994129764788932224e-01,6.922637525857205931e-01,6.899982886712944241e-01,6.917994452422767671e-01,6.972845817243007449e-01,7.063335205198987277e-01,7.190470925998428964e-01,7.357889018820022997e-01,7.573613042678637441e-01,7.856375880101434950e-01,8.296341153621680231e-01,nan,nan,nan,nan,nan,nan,nan,nan,nan,nan,nan,nan,nan,nan,nan,nan,nan,nan,nan,nan,nan,nan,nan,nan,nan,nan,nan,nan,nan,nan,nan,nan,nan,nan,nan,nan,nan
7.781119214861504929e-01,7.500093778892682472e-01,7.364961873313776719e-01,7.299108596282249950e-01,7.284140309520565904e-01,7.312263775599090465e-01,7.380297893959772981e-01,7.488119907468857583e-01,7.638666134446184808e-01,7.839512809997193354e-01,8.109124342533269303e-01,8.537622685273197343e-01,nan,nan,nan,nan,nan,nan,nan,nan,nan,nan,nan,nan,nan,nan,nan,nan,nan,nan,nan,nan,nan,nan,nan,nan,nan,nan,nan,nan,nan,nan,nan,nan,nan,nan,nan,nan,nan,nan
8.162917866230938735e-01,7.883667944038375008e-01,7.753609774318666048e-01,7.695119557825891299e-01,7.690067832745668408e-01,7.731267477571313051e-01,7.816601625770353001e-01,7.947874477242086177e-01,8.131975627620271485e-01,8.386962996112213853e-01,8.802853921724611563e-01,nan,nan,nan,nan,nan,nan,nan,nan,nan,nan,nan,nan,nan,nan,nan,nan,nan,nan,nan,nan,nan,nan,nan,nan,nan,nan,nan,nan,nan,nan,nan,nan,nan,nan,nan,nan,nan,nan,nan
8.561893941064879776e-01,8.285602097227261487e-01,8.162295227011623355e-01,8.113381396337695506e-01,8.121213583470692221e-01,8.179628260327670430e-01,8.288424440498805001e-01,8.453369895917147714e-01,8.691880938611574736e-01,9.093760907762724610e-01,nan,nan,nan,nan,nan,nan,nan,nan,nan,nan,nan,nan,nan,nan,nan,nan,nan,nan,nan,nan,nan,nan,nan,nan,nan,nan,nan,nan,nan,nan,nan,nan,nan,nan,nan,nan,nan,nan,nan,nan
8.980111947485626134e-01,8.708260078213905242e-01,8.593864942410639474e-01,8.557481217028364284e-01,8.582350920169019570e-01,8.664186990883490092e-01,8.806753068821194796e-01,9.026391584225770259e-01,9.412493093014131507e-01,nan,nan,nan,nan,nan,nan,nan,nan,nan,nan,nan,nan,nan,nan,nan,nan,nan,nan,nan,nan,nan,nan,nan,nan,nan,nan,nan,nan,nan,nan,nan,nan,nan,nan,nan,nan,nan,nan,nan,nan,nan
9.420172601344237728e-01,9.154679421647142767e-01,9.052090765116285187e-01,9.032386360314313967e-01,9.080539597201584545e-01,9.196199244493541425e-01,9.393748927270751947e-01,9.761780428314813518e-01,nan,nan,nan,nan,nan,nan,nan,nan,nan,nan,nan,nan,nan,nan,nan,nan,nan,nan,nan,nan,nan,nan,nan,nan,nan,nan,nan,nan,nan,nan,nan,nan,nan,nan,nan,nan,nan,nan,nan,nan,nan,nan
9.885445078964263388e-01,9.628899466558088482e-01,9.542204416676927092e-01,9.545444966004700271e-01,9.627382141163665086e-01,9.798305900141159874e-01,1.014518181176437661e+00,nan,nan,nan,nan,nan,nan,nan,nan,nan,nan,nan,nan,nan,nan,nan,nan,nan,nan,nan,nan,nan,nan,nan,nan,nan,nan,nan,nan,nan,nan,nan,nan,nan,nan,nan,nan,nan,nan,nan,nan,nan,nan,nan
1.038045705878385405e+00,1.013654802922699050e+00,1.007195869867276272e+00,1.010872933723765632e+00,1.024615565546098228e+00,1.056750255959753471e+00,nan,nan,nan,nan,nan,nan,nan,nan,nan,nan,nan,nan,nan,nan,nan,nan,nan,nan,nan,nan,nan,nan,nan,nan,nan,nan,nan,nan,nan,nan,nan,nan,nan,nan,nan,nan,nan,nan,nan,nan,nan,nan,nan,nan
1.091160493030610912e+00,1.068600986667949337e+00,1.065410932513554565e+00,1.074640920282877277e+00,1.103555481053017928e+00,nan,nan,nan,nan,nan,nan,nan,nan,nan,nan,nan,nan,nan,nan,nan,nan,nan,nan,nan,nan,nan,nan,nan,nan,nan,nan,nan,nan,nan,nan,nan,nan,nan,nan,nan,nan,nan,nan,nan,nan,nan,nan,nan,nan,nan
1.148860183667048451e+00,1.129116708938429303e+00,1.131418998952169241e+00,1.155970820244012653e+00,nan,nan,nan,nan,nan,nan,nan,nan,nan,nan,nan,nan,nan,nan,nan,nan,nan,nan,nan,nan,nan,nan,nan,nan,nan,nan,nan,nan,nan,nan,nan,nan,nan,nan,nan,nan,nan,nan,nan,nan,nan,nan,nan,nan,nan,nan
1.212798393405123853e+00,1.197998362403082329e+00,1.215764504672379065e+00,nan,nan,nan,nan,nan,nan,nan,nan,nan,nan,nan,nan,nan,nan,nan,nan,nan,nan,nan,nan,nan,nan,nan,nan,nan,nan,nan,nan,nan,nan,nan,nan,nan,nan,nan,nan,nan,nan,nan,nan,nan,nan,nan,nan,nan,nan,nan
1.286464043366946308e+00,1.286670971653728568e+00,nan,nan,nan,nan,nan,nan,nan,nan,nan,nan,nan,nan,nan,nan,nan,nan,nan,nan,nan,nan,nan,nan,nan,nan,nan,nan,nan,nan,nan,nan,nan,nan,nan,nan,nan,nan,nan,nan,nan,nan,nan,nan,nan,nan,nan,nan,nan,nan
1.386294361119890572e+00,nan,nan,nan,nan,nan,nan,nan,nan,nan,nan,nan,nan,nan,nan,nan,nan,nan,nan,nan,nan,nan,nan,nan,nan,nan,nan,nan,nan,nan,nan,nan,nan,nan,nan,nan,nan,nan,nan,nan,nan,nan,nan,nan,nan,nan,nan,nan,nan,nan
