7.516654423056383649e-01 7.567334945034824845e-01 7.618015467013266040e-01 7.668695988991707235e-01 7.719376510970149541e-01 7.770057032948589626e-01 7.820737554927030821e-01 7.871418076905473127e-01 7.922098598883913212e-01 7.972779120862354407e-01 8.023459642840796713e-01 8.074140164819236798e-01 8.124820686797677993e-01 8.175501208776120299e-01 8.226181730754560384e-01 8.276862252733001579e-01 8.327542774711443885e-01 8.378223296689883970e-01 8.428903818668324055e-01 8.479584340646766361e-01 8.530264862625207556e-01 8.580945384603648751e-01 8.631625906582089947e-01 8.682306428560531142e-01 8.732986950538972337e-01 8.783667472517413533e-01 8.834347994495854728e-01 8.885028516474295923e-01 8.935709038452737119e-01 8.986389560431178314e-01 9.037070082409618399e-01 9.087750604388060705e-01 9.138431126366501900e-01 9.189111648344943095e-01 9.239792170323384290e-01 9.290472692301825486e-01 9.341153214280265571e-01 9.391833736258707876e-01 9.442514258237150182e-01 9.493194780215590267e-01 9.543875302194031462e-01 9.594555824172473768e-01 9.645236346150913853e-01 9.695916868129355048e-01 9.746597390107796244e-01 9.797277912086237439e-01 9.847958434064678634e-01 9.898638956043118720e-01 9.949319478021561025e-01 1.000000000000000222e+00
7.567334945034824845e-01 7.618015467013266040e-01 7.668695988991707235e-01 7.719376510970149541e-01 7.770057032948589626e-01 7.820737554927030821e-01 7.871418076905472017e-01 7.922098598883914322e-01 7.972779120862354407e-01 8.023459642840795603e-01 8.074140164819236798e-01 8.124820686797677993e-01 8.175501208776119189e-01 8.226181730754560384e-01 8.276862252733001579e-01 8.327542774711442775e-01 8.378223296689883970e-01 8.428903818668325165e-01 8.479584340646766361e-01 8.530264862625207556e-01 8.580945384603648751e-01 8.631625906582089947e-01 8.682306428560531142e-01 8.732986950538972337e-01 8.783667472517413533e-01 8.834347994495854728e-01 8.885028516474295923e-01 8.935709038452737119e-01 8.986389560431178314e-01 9.037070082409619509e-01 9.087750604388059594e-01 9.138431126366501900e-01 9.189111648344943095e-01 9.239792170323384290e-01 9.290472692301824376e-01 9.341153214280265571e-01 9.391833736258706766e-01 9.442514258237149072e-01 9.493194780215591377e-01 9.543875302194031462e-01 9.594555824172472658e-01 9.645236346150913853e-01 9.695916868129355048e-01 9.746597390107796244e-01 9.797277912086237439e-01 9.847958434064678634e-01 9.898638956043118720e-01 9.949319478021561025e-01 1.000000000000000222e+00 1.005068052197844342e+00
7.618015467013266040e-01 7.668695988991707235e-01 7.719376510970148431e-01 7.770057032948589626e-01 7.820737554927030821e-01 7.871418076905472017e-01 7.922098598883913212e-01 7.972779120862354407e-01 8.023459642840795603e-01 8.074140164819236798e-01 8.124820686797677993e-01 8.175501208776119189e-01 8.226181730754560384e-01 8.276862252733001579e-01 8.327542774711442775e-01 8.378223296689883970e-01 8.428903818668325165e-01 8.479584340646766361e-01 8.530264862625207556e-01 8.580945384603648751e-01 8.631625906582089947e-01 8.682306428560530032e-01 8.732986950538972337e-01 8.783667472517413533e-01 8.834347994495854728e-01 8.885028516474295923e-01 8.935709038452737119e-01 8.986389560431178314e-01 9.037070082409619509e-01 9.087750604388060705e-01 9.138431126366501900e-01 9.189111648344943095e-01 9.239792170323384290e-01 9.290472692301824376e-01 9.341153214280265571e-01 9.391833736258706766e-01 9.442514258237147962e-01 9.493194780215590267e-01 9.543875302194031462e-01 9.594555824172472658e-01 9.645236346150913853e-01 9.695916868129355048e-01 9.746597390107796244e-01 9.797277912086237439e-01 9.847958434064678634e-01 9.898638956043118720e-01 9.949319478021559915e-01 1.000000000000000222e+00 1.005068052197844342e+00 1.010136104395688461e+00
7.668695988991707235e-01 7.719376510970149541e-01 7.770057032948589626e-01 7.820737554927031931e-01 7.871418076905472017e-01 7.922098598883913212e-01 7.972779120862354407e-01 8.023459642840795603e-01 8.074140164819237908e-01 8.124820686797679103e-01 8.175501208776119189e-01 8.226181730754561494e-01 8.276862252733002689e-01 8.327542774711442775e-01 8.378223296689883970e-01 8.428903818668325165e-01 8.479584340646766361e-01 8.530264862625206446e-01 8.580945384603649861e-01 8.631625906582091057e-01 8.682306428560532252e-01 8.732986950538973447e-01 8.783667472517413533e-01 8.834347994495854728e-01 8.885028516474297033e-01 8.935709038452737119e-01 8.986389560431178314e-01 9.037070082409620619e-01 9.087750604388060705e-01 9.138431126366501900e-01 9.189111648344943095e-01 9.239792170323384290e-01 9.290472692301825486e-01 9.341153214280266681e-01 9.391833736258707876e-01 9.442514258237149072e-01 9.493194780215590267e-01 9.543875302194032573e-01 9.594555824172473768e-01 9.645236346150914963e-01 9.695916868129356159e-01 9.746597390107796244e-01 9.797277912086237439e-01 9.847958434064679745e-01 9.898638956043119830e-01 9.949319478021561025e-01 1.000000000000000222e+00 1.005068052197844342e+00 1.010136104395688461e+00 1.015204156593532581e+00
7.719376510970148431e-01 7.770057032948589626e-01 7.820737554927030821e-01 7.871418076905472017e-01 7.922098598883913212e-01 7.972779120862354407e-01 8.023459642840795603e-01 8.074140164819236798e-01 8.124820686797679103e-01 8.175501208776119189e-01 8.226181730754560384e-01 8.276862252733002689e-01 8.327542774711442775e-01 8.378223296689883970e-01 8.428903818668325165e-01 8.479584340646766361e-01 8.530264862625206446e-01 8.580945384603648751e-01 8.631625906582089947e-01 8.682306428560532252e-01 8.732986950538973447e-01 8.783667472517413533e-01 8.834347994495854728e-01 8.885028516474295923e-01 8.935709038452737119e-01 8.986389560431178314e-01 9.037070082409619509e-01 9.087750604388060705e-01 9.138431126366501900e-01 9.189111648344943095e-01 9.239792170323384290e-01 9.290472692301825486e-01 9.341153214280266681e-01 9.391833736258707876e-01 9.442514258237149072e-01 9.493194780215590267e-01 9.543875302194031462e-01 9.594555824172473768e-01 9.645236346150913853e-01 9.695916868129356159e-01 9.746597390107796244e-01 9.797277912086237439e-01 9.847958434064678634e-01 9.898638956043120940e-01 9.949319478021561025e-01 1.000000000000000222e+00 1.005068052197844342e+00 1.010136104395688461e+00 1.015204156593532581e+00 1.020272208791376700e+00
7.770057032948589626e-01 7.820737554927030821e-01 7.871418076905472017e-01 7.922098598883913212e-01 7.972779120862354407e-01 8.023459642840795603e-01 8.074140164819236798e-01 8.124820686797677993e-01 8.175501208776119189e-01 8.226181730754560384e-01 8.276862252733001579e-01 8.327542774711442775e-01 8.378223296689885080e-01 8.428903818668325165e-01 8.479584340646766361e-01 8.530264862625206446e-01 8.580945384603648751e-01 8.631625906582089947e-01 8.682306428560531142e-01 8.732986950538972337e-01 8.783667472517413533e-01 8.834347994495854728e-01 8.885028516474295923e-01 8.935709038452737119e-01 8.986389560431178314e-01 9.037070082409619509e-01 9.087750604388060705e-01 9.138431126366501900e-01 9.189111648344943095e-01 9.239792170323384290e-01 9.290472692301825486e-01 9.341153214280265571e-01 9.391833736258707876e-01 9.442514258237149072e-01 9.493194780215590267e-01 9.543875302194031462e-01 9.594555824172472658e-01 9.645236346150913853e-01 9.695916868129355048e-01 9.746597390107796244e-01 9.797277912086237439e-01 9.847958434064678634e-01 9.898638956043120940e-01 9.949319478021561025e-01 1.000000000000000222e+00 1.005068052197844342e+00 1.010136104395688461e+00 1.015204156593532581e+00 1.020272208791376700e+00 1.025340260989220820e+00
7.820737554927030821e-01 7.871418076905472017e-01 7.922098598883913212e-01 7.972779120862354407e-01 8.023459642840796713e-01 8.074140164819236798e-01 8.124820686797677993e-01 8.175501208776119189e-01 8.226181730754560384e-01 8.276862252733001579e-01 8.327542774711442775e-01 8.378223296689885080e-01 8.428903818668325165e-01 8.479584340646766361e-01 8.530264862625207556e-01 8.580945384603648751e-01 8.631625906582088836e-01 8.682306428560531142e-01 8.732986950538972337e-01 8.783667472517413533e-01 8.834347994495854728e-01 8.885028516474295923e-01 8.935709038452737119e-01 8.986389560431178314e-01 9.037070082409619509e-01 9.087750604388060705e-01 9.138431126366501900e-01 9.189111648344943095e-01 9.239792170323383180e-01 9.290472692301825486e-01 9.341153214280265571e-01 9.391833736258707876e-01 9.442514258237149072e-01 9.493194780215590267e-01 9.543875302194030352e-01 9.594555824172472658e-01 9.645236346150912743e-01 9.695916868129355048e-01 9.746597390107796244e-01 9.797277912086237439e-01 9.847958434064678634e-01 9.898638956043119830e-01 9.949319478021561025e-01 1.000000000000000222e+00 1.005068052197844342e+00 1.010136104395688461e+00 1.015204156593532581e+00 1.020272208791376700e+00 1.025340260989220820e+00 1.030408313187064939e+00
7.871418076905473127e-01 7.922098598883914322e-01 7.972779120862354407e-01 8.023459642840797823e-01 8.074140164819237908e-01 8.124820686797677993e-01 8.175501208776119189e-01 8.226181730754561494e-01 8.276862252733001579e-01 8.327542774711442775e-01 8.378223296689885080e-01 8.428903818668325165e-01 8.479584340646766361e-01 8.530264862625208666e-01 8.580945384603648751e-01 8.631625906582091057e-01 8.682306428560532252e-01 8.732986950538972337e-01 8.783667472517413533e-01 8.834347994495855838e-01 8.885028516474295923e-01 8.935709038452737119e-01 8.986389560431179424e-01 9.037070082409619509e-01 9.087750604388060705e-01 9.138431126366501900e-01 9.189111648344943095e-01 9.239792170323384290e-01 9.290472692301825486e-01 9.341153214280266681e-01 9.391833736258707876e-01 9.442514258237149072e-01 9.493194780215590267e-01 9.543875302194031462e-01 9.594555824172472658e-01 9.645236346150913853e-01 9.695916868129355048e-01 9.746597390107796244e-01 9.797277912086238549e-01 9.847958434064678634e-01 9.898638956043119830e-01 9.949319478021562135e-01 1.000000000000000222e+00 1.005068052197844342e+00 1.010136104395688461e+00 1.015204156593532581e+00 1.020272208791376700e+00 1.025340260989220820e+00 1.030408313187064939e+00 1.035476365384909059e+00
7.922098598883913212e-01 7.972779120862354407e-01 8.023459642840795603e-01 8.074140164819237908e-01 8.124820686797679103e-01 8.175501208776119189e-01 8.226181730754560384e-01 8.276862252733002689e-01 8.327542774711442775e-01 8.378223296689883970e-01 8.428903818668325165e-01 8.479584340646766361e-01 8.530264862625207556e-01 8.580945384603648751e-01 8.631625906582089947e-01 8.682306428560532252e-01 8.732986950538972337e-01 8.783667472517413533e-01 8.834347994495854728e-01 8.885028516474297033e-01 8.935709038452737119e-01 8.986389560431178314e-01 9.037070082409619509e-01 9.087750604388060705e-01 9.138431126366501900e-01 9.189111648344943095e-01 9.239792170323384290e-01 9.290472692301825486e-01 9.341153214280266681e-01 9.391833736258707876e-01 9.442514258237149072e-01 9.493194780215590267e-01 9.543875302194031462e-01 9.594555824172472658e-01 9.645236346150913853e-01 9.695916868129355048e-01 9.746597390107795134e-01 9.797277912086237439e-01 9.847958434064679745e-01 9.898638956043119830e-01 9.949319478021561025e-01 1.000000000000000222e+00 1.005068052197844342e+00 1.010136104395688461e+00 1.015204156593532581e+00 1.020272208791376700e+00 1.025340260989220820e+00 1.030408313187064939e+00 1.035476365384909059e+00 1.040544417582753178e+00
7.972779120862354407e-01 8.023459642840795603e-01 8.074140164819236798e-01 8.124820686797679103e-01 8.175501208776119189e-01 8.226181730754560384e-01 8.276862252733001579e-01 8.327542774711442775e-01 8.378223296689883970e-01 8.428903818668325165e-01 8.479584340646766361e-01 8.530264862625207556e-01 8.580945384603647641e-01 8.631625906582089947e-01 8.682306428560531142e-01 8.732986950538972337e-01 8.783667472517413533e-01 8.834347994495854728e-01 8.885028516474295923e-01 8.935709038452738229e-01 8.986389560431178314e-01 9.037070082409619509e-01 9.087750604388060705e-01 9.138431126366501900e-01 9.189111648344943095e-01 9.239792170323384290e-01 9.290472692301825486e-01 9.341153214280266681e-01 9.391833736258707876e-01 9.442514258237149072e-01 9.493194780215590267e-01 9.543875302194031462e-01 9.594555824172472658e-01 9.645236346150912743e-01 9.695916868129355048e-01 9.746597390107795134e-01 9.797277912086236329e-01 9.847958434064678634e-01 9.898638956043119830e-01 9.949319478021561025e-01 1.000000000000000222e+00 1.005068052197844342e+00 1.010136104395688461e+00 1.015204156593532581e+00 1.020272208791376700e+00 1.025340260989220820e+00 1.030408313187064939e+00 1.035476365384909059e+00 1.040544417582753178e+00 1.045612469780597298e+00
8.023459642840795603e-01 8.074140164819236798e-01 8.124820686797677993e-01 8.175501208776119189e-01 8.226181730754560384e-01 8.276862252733001579e-01 8.327542774711442775e-01 8.378223296689883970e-01 8.428903818668325165e-01 8.479584340646766361e-01 8.530264862625207556e-01 8.580945384603648751e-01 8.631625906582089947e-01 8.682306428560531142e-01 8.732986950538972337e-01 8.783667472517413533e-01 8.834347994495854728e-01 8.885028516474294813e-01 8.935709038452737119e-01 8.986389560431178314e-01 9.037070082409619509e-01 9.087750604388060705e-01 9.138431126366501900e-01 9.189111648344943095e-01 9.239792170323384290e-01 9.290472692301825486e-01 9.341153214280266681e-01 9.391833736258707876e-01 9.442514258237149072e-01 9.493194780215590267e-01 9.543875302194031462e-01 9.594555824172472658e-01 9.645236346150912743e-01 9.695916868129355048e-01 9.746597390107796244e-01 9.797277912086236329e-01 9.847958434064678634e-01 9.898638956043119830e-01 9.949319478021561025e-01 1.000000000000000222e+00 1.005068052197844342e+00 1.010136104395688461e+00 1.015204156593532581e+00 1.020272208791376700e+00 1.025340260989220820e+00 1.030408313187064939e+00 1.035476365384909059e+00 1.040544417582753178e+00 1.045612469780597298e+00 1.050680521978441417e+00
8.074140164819236798e-01 8.124820686797677993e-01 8.175501208776119189e-01 8.226181730754560384e-01 8.276862252733001579e-01 8.327542774711442775e-01 8.378223296689883970e-01 8.428903818668325165e-01 8.479584340646766361e-01 8.530264862625207556e-01 8.580945384603648751e-01 8.631625906582088836e-01 8.682306428560531142e-01 8.732986950538972337e-01 8.783667472517413533e-01 8.834347994495854728e-01 8.885028516474294813e-01 8.935709038452736008e-01 8.986389560431178314e-01 9.037070082409619509e-01 9.087750604388060705e-01 9.138431126366501900e-01 9.189111648344943095e-01 9.239792170323384290e-01 9.290472692301825486e-01 9.341153214280266681e-01 9.391833736258707876e-01 9.442514258237149072e-01 9.493194780215590267e-01 9.543875302194030352e-01 9.594555824172472658e-01 9.645236346150912743e-01 9.695916868129353938e-01 9.746597390107796244e-01 9.797277912086237439e-01 9.847958434064677524e-01 9.898638956043119830e-01 9.949319478021561025e-01 1.000000000000000222e+00 1.005068052197844342e+00 1.010136104395688461e+00 1.015204156593532581e+00 1.020272208791376700e+00 1.025340260989220820e+00 1.030408313187064717e+00 1.035476365384909059e+00 1.040544417582753178e+00 1.045612469780597298e+00 1.050680521978441195e+00 1.055748574176285537e+00
8.124820686797677993e-01 8.175501208776119189e-01 8.226181730754560384e-01 8.276862252733001579e-01 8.327542774711442775e-01 8.378223296689883970e-01 8.428903818668325165e-01 8.479584340646766361e-01 8.530264862625207556e-01 8.580945384603648751e-01 8.631625906582089947e-01 8.682306428560531142e-01 8.732986950538972337e-01 8.783667472517413533e-01 8.834347994495854728e-01 8.885028516474294813e-01 8.935709038452736008e-01 8.986389560431178314e-01 9.037070082409618399e-01 9.087750604388060705e-01 9.138431126366501900e-01 9.189111648344943095e-01 9.239792170323384290e-01 9.290472692301825486e-01 9.341153214280266681e-01 9.391833736258707876e-01 9.442514258237149072e-01 9.493194780215590267e-01 9.543875302194030352e-01 9.594555824172472658e-01 9.645236346150912743e-01 9.695916868129353938e-01 9.746597390107796244e-01 9.797277912086237439e-01 9.847958434064677524e-01 9.898638956043119830e-01 9.949319478021558805e-01 1.000000000000000222e+00 1.005068052197844342e+00 1.010136104395688461e+00 1.015204156593532581e+00 1.020272208791376700e+00 1.025340260989220820e+00 1.030408313187064939e+00 1.035476365384909059e+00 1.040544417582753178e+00 1.045612469780597298e+00 1.050680521978441195e+00 1.055748574176285537e+00 1.060816626374129656e+00
8.175501208776119189e-01 8.226181730754560384e-01 8.276862252733001579e-01 8.327542774711442775e-01 8.378223296689883970e-01 8.428903818668325165e-01 8.479584340646766361e-01 8.530264862625206446e-01 8.580945384603648751e-01 8.631625906582089947e-01 8.682306428560531142e-01 8.732986950538972337e-01 8.783667472517413533e-01 8.834347994495854728e-01 8.885028516474295923e-01 8.935709038452737119e-01 8.986389560431178314e-01 9.037070082409619509e-01 9.087750604388060705e-01 9.138431126366501900e-01 9.189111648344943095e-01 9.239792170323384290e-01 9.290472692301825486e-01 9.341153214280266681e-01 9.391833736258707876e-01 9.442514258237149072e-01 9.493194780215590267e-01 9.543875302194031462e-01 9.594555824172472658e-01 9.645236346150913853e-01 9.695916868129355048e-01 9.746597390107795134e-01 9.797277912086237439e-01 9.847958434064678634e-01 9.898638956043118720e-01 9.949319478021561025e-01 1.000000000000000000e+00 1.005068052197844342e+00 1.010136104395688461e+00 1.015204156593532581e+00 1.020272208791376700e+00 1.025340260989220820e+00 1.030408313187064939e+00 1.035476365384909059e+00 1.040544417582753178e+00 1.045612469780597298e+00 1.050680521978441417e+00 1.055748574176285537e+00 1.060816626374129656e+00 1.065884678571973776e+00
8.226181730754561494e-01 8.276862252733001579e-01 8.327542774711442775e-01 8.378223296689883970e-01 8.428903818668325165e-01 8.479584340646766361e-01 8.530264862625207556e-01 8.580945384603648751e-01 8.631625906582089947e-01 8.682306428560531142e-01 8.732986950538972337e-01 8.783667472517413533e-01 8.834347994495854728e-01 8.885028516474295923e-01 8.935709038452737119e-01 8.986389560431178314e-01 9.037070082409619509e-01 9.087750604388060705e-01 9.138431126366500790e-01 9.189111648344943095e-01 9.239792170323384290e-01 9.290472692301825486e-01 9.341153214280266681e-01 9.391833736258707876e-01 9.442514258237149072e-01 9.493194780215590267e-01 9.543875302194031462e-01 9.594555824172472658e-01 9.645236346150913853e-01 9.695916868129355048e-01 9.746597390107795134e-01 9.797277912086237439e-01 9.847958434064678634e-01 9.898638956043118720e-01 9.949319478021559915e-01 1.000000000000000000e+00 1.005068052197844342e+00 1.010136104395688461e+00 1.015204156593532581e+00 1.020272208791376700e+00 1.025340260989220820e+00 1.030408313187064939e+00 1.035476365384909059e+00 1.040544417582753178e+00 1.045612469780597298e+00 1.050680521978441417e+00 1.055748574176285537e+00 1.060816626374129656e+00 1.065884678571973776e+00 1.070952730769817896e+00
8.276862252733001579e-01 8.327542774711442775e-01 8.378223296689883970e-01 8.428903818668325165e-01 8.479584340646767471e-01 8.530264862625207556e-01 8.580945384603648751e-01 8.631625906582091057e-01 8.682306428560531142e-01 8.732986950538972337e-01 8.783667472517413533e-01 8.834347994495854728e-01 8.885028516474295923e-01 8.935709038452737119e-01 8.986389560431178314e-01 9.037070082409619509e-01 9.087750604388060705e-01 9.138431126366501900e-01 9.189111648344943095e-01 9.239792170323384290e-01 9.290472692301826596e-01 9.341153214280266681e-01 9.391833736258707876e-01 9.442514258237149072e-01 9.493194780215590267e-01 9.543875302194031462e-01 9.594555824172472658e-01 9.645236346150913853e-01 9.695916868129355048e-01 9.746597390107796244e-01 9.797277912086237439e-01 9.847958434064678634e-01 9.898638956043119830e-01 9.949319478021561025e-01 1.000000000000000222e+00 1.005068052197844342e+00 1.010136104395688239e+00 1.015204156593532581e+00 1.020272208791376700e+00 1.025340260989220820e+00 1.030408313187064939e+00 1.035476365384909059e+00 1.040544417582753178e+00 1.045612469780597298e+00 1.050680521978441417e+00 1.055748574176285537e+00 1.060816626374129656e+00 1.065884678571973776e+00 1.070952730769817896e+00 1.076020782967662015e+00
8.327542774711442775e-01 8.378223296689883970e-01 8.428903818668325165e-01 8.479584340646767471e-01 8.530264862625207556e-01 8.580945384603648751e-01 8.631625906582089947e-01 8.682306428560531142e-01 8.732986950538972337e-01 8.783667472517413533e-01 8.834347994495854728e-01 8.885028516474295923e-01 8.935709038452737119e-01 8.986389560431178314e-01 9.037070082409619509e-01 9.087750604388060705e-01 9.138431126366501900e-01 9.189111648344943095e-01 9.239792170323384290e-01 9.290472692301826596e-01 9.341153214280266681e-01 9.391833736258707876e-01 9.442514258237149072e-01 9.493194780215590267e-01 9.543875302194031462e-01 9.594555824172472658e-01 9.645236346150913853e-01 9.695916868129355048e-01 9.746597390107796244e-01 9.797277912086237439e-01 9.847958434064678634e-01 9.898638956043119830e-01 9.949319478021561025e-01 1.000000000000000222e+00 1.005068052197844342e+00 1.010136104395688239e+00 1.015204156593532581e+00 1.020272208791376700e+00 1.025340260989220820e+00 1.030408313187064939e+00 1.035476365384909059e+00 1.040544417582753178e+00 1.045612469780597298e+00 1.050680521978441417e+00 1.055748574176285537e+00 1.060816626374129656e+00 1.065884678571973776e+00 1.070952730769817896e+00 1.076020782967662015e+00 1.081088835165506135e+00
8.378223296689883970e-01 8.428903818668325165e-01 8.479584340646766361e-01 8.530264862625207556e-01 8.580945384603648751e-01 8.631625906582091057e-01 8.682306428560531142e-01 8.732986950538972337e-01 8.783667472517414643e-01 8.834347994495854728e-01 8.885028516474295923e-01 8.935709038452737119e-01 8.986389560431178314e-01 9.037070082409619509e-01 9.087750604388060705e-01 9.138431126366501900e-01 9.189111648344943095e-01 9.239792170323384290e-01 9.290472692301825486e-01 9.341153214280266681e-01 9.391833736258707876e-01 9.442514258237150182e-01 9.493194780215590267e-01 9.543875302194031462e-01 9.594555824172472658e-01 9.645236346150913853e-01 9.695916868129355048e-01 9.746597390107796244e-01 9.797277912086237439e-01 9.847958434064678634e-01 9.898638956043119830e-01 9.949319478021561025e-01 1.000000000000000222e+00 1.005068052197844342e+00 1.010136104395688461e+00 1.015204156593532581e+00 1.020272208791376700e+00 1.025340260989220820e+00 1.030408313187064939e+00 1.035476365384909059e+00 1.040544417582753178e+00 1.045612469780597298e+00 1.050680521978441417e+00 1.055748574176285537e+00 1.060816626374129656e+00 1.065884678571973776e+00 1.070952730769817896e+00 1.076020782967662015e+00 1.081088835165506135e+00 1.086156887363350254e+00
8.428903818668325165e-01 8.479584340646766361e-01 8.530264862625206446e-01 8.580945384603648751e-01 8.631625906582089947e-01 8.682306428560531142e-01 8.732986950538972337e-01 8.783667472517413533e-01 8.834347994495854728e-01 8.885028516474295923e-01 8.935709038452737119e-01 8.986389560431178314e-01 9.037070082409619509e-01 9.087750604388060705e-01 9.138431126366501900e-01 9.189111648344943095e-01 9.239792170323384290e-01 9.290472692301825486e-01 9.341153214280266681e-01 9.391833736258707876e-01 9.442514258237149072e-01 9.493194780215590267e-01 9.543875302194031462e-01 9.594555824172472658e-01 9.645236346150913853e-01 9.695916868129355048e-01 9.746597390107795134e-01 9.797277912086237439e-01 9.847958434064678634e-01 9.898638956043119830e-01 9.949319478021561025e-01 1.000000000000000000e+00 1.005068052197844342e+00 1.010136104395688461e+00 1.015204156593532581e+00 1.020272208791376478e+00 1.025340260989220820e+00 1.030408313187064939e+00 1.035476365384909059e+00 1.040544417582753178e+00 1.045612469780597298e+00 1.050680521978441417e+00 1.055748574176285537e+00 1.060816626374129656e+00 1.065884678571973776e+00 1.070952730769817673e+00 1.076020782967662015e+00 1.081088835165506135e+00 1.086156887363350254e+00 1.091224939561194152e+00
8.479584340646767471e-01 8.530264862625207556e-01 8.580945384603648751e-01 8.631625906582091057e-01 8.682306428560532252e-01 8.732986950538972337e-01 8.783667472517414643e-01 8.834347994495854728e-01 8.885028516474295923e-01 8.935709038452738229e-01 8.986389560431178314e-01 9.037070082409619509e-01 9.087750604388060705e-01 9.138431126366501900e-01 9.189111648344943095e-01 9.239792170323384290e-01 9.290472692301825486e-01 9.341153214280266681e-01 9.391833736258707876e-01 9.442514258237149072e-01 9.493194780215590267e-01 9.543875302194031462e-01 9.594555824172472658e-01 9.645236346150913853e-01 9.695916868129355048e-01 9.746597390107796244e-01 9.797277912086237439e-01 9.847958434064678634e-01 9.898638956043119830e-01 9.949319478021561025e-01 1.000000000000000222e+00 1.005068052197844342e+00 1.010136104395688461e+00 1.015204156593532581e+00 1.020272208791376700e+00 1.025340260989220820e+00 1.030408313187064717e+00 1.035476365384909059e+00 1.040544417582753178e+00 1.045612469780597298e+00 1.050680521978441417e+00 1.055748574176285537e+00 1.060816626374129656e+00 1.065884678571973776e+00 1.070952730769817896e+00 1.076020782967662015e+00 1.081088835165506135e+00 1.086156887363350254e+00 1.091224939561194374e+00 1.096292991759038493e+00
8.530264862625207556e-01 8.580945384603648751e-01 8.631625906582089947e-01 8.682306428560531142e-01 8.732986950538972337e-01 8.783667472517413533e-01 8.834347994495854728e-01 8.885028516474295923e-01 8.935709038452737119e-01 8.986389560431178314e-01 9.037070082409619509e-01 9.087750604388060705e-01 9.138431126366501900e-01 9.189111648344943095e-01 9.239792170323384290e-01 9.290472692301825486e-01 9.341153214280266681e-01 9.391833736258707876e-01 9.442514258237149072e-01 9.493194780215590267e-01 9.543875302194031462e-01 9.594555824172472658e-01 9.645236346150913853e-01 9.695916868129355048e-01 9.746597390107796244e-01 9.797277912086237439e-01 9.847958434064678634e-01 9.898638956043119830e-01 9.949319478021559915e-01 1.000000000000000222e+00 1.005068052197844342e+00 1.010136104395688461e+00 1.015204156593532581e+00 1.020272208791376478e+00 1.025340260989220820e+00 1.030408313187064717e+00 1.035476365384909059e+00 1.040544417582753178e+00 1.045612469780597298e+00 1.050680521978441417e+00 1.055748574176285537e+00 1.060816626374129656e+00 1.065884678571973776e+00 1.070952730769817896e+00 1.076020782967662015e+00 1.081088835165506135e+00 1.086156887363350254e+00 1.091224939561194152e+00 1.096292991759038493e+00 1.101361043956882613e+00
8.580945384603648751e-01 8.631625906582089947e-01 8.682306428560531142e-01 8.732986950538973447e-01 8.783667472517413533e-01 8.834347994495854728e-01 8.885028516474295923e-01 8.935709038452737119e-01 8.986389560431178314e-01 9.037070082409619509e-01 9.087750604388060705e-01 9.138431126366501900e-01 9.189111648344943095e-01 9.239792170323384290e-01 9.290472692301825486e-01 9.341153214280265571e-01 9.391833736258707876e-01 9.442514258237149072e-01 9.493194780215590267e-01 9.543875302194031462e-01 9.594555824172472658e-01 9.645236346150913853e-01 9.695916868129355048e-01 9.746597390107796244e-01 9.797277912086237439e-01 9.847958434064678634e-01 9.898638956043119830e-01 9.949319478021559915e-01 1.000000000000000222e+00 1.005068052197844342e+00 1.010136104395688461e+00 1.015204156593532581e+00 1.020272208791376478e+00 1.025340260989220820e+00 1.030408313187064939e+00 1.035476365384909059e+00 1.040544417582752956e+00 1.045612469780597298e+00 1.050680521978441417e+00 1.055748574176285537e+00 1.060816626374129656e+00 1.065884678571973776e+00 1.070952730769817896e+00 1.076020782967662015e+00 1.081088835165506135e+00 1.086156887363350254e+00 1.091224939561194152e+00 1.096292991759038493e+00 1.101361043956882613e+00 1.106429096154726732e+00
8.631625906582089947e-01 8.682306428560531142e-01 8.732986950538972337e-01 8.783667472517413533e-01 8.834347994495854728e-01 8.885028516474295923e-01 8.935709038452737119e-01 8.986389560431178314e-01 9.037070082409619509e-01 9.087750604388060705e-01 9.138431126366501900e-01 9.189111648344943095e-01 9.239792170323384290e-01 9.290472692301825486e-01 9.341153214280266681e-01 9.391833736258707876e-01 9.442514258237149072e-01 9.493194780215590267e-01 9.543875302194031462e-01 9.594555824172472658e-01 9.645236346150913853e-01 9.695916868129355048e-01 9.746597390107796244e-01 9.797277912086237439e-01 9.847958434064678634e-01 9.898638956043119830e-01 9.949319478021561025e-01 1.000000000000000222e+00 1.005068052197844342e+00 1.010136104395688461e+00 1.015204156593532581e+00 1.020272208791376700e+00 1.025340260989220820e+00 1.030408313187064717e+00 1.035476365384909059e+00 1.040544417582752956e+00 1.045612469780597298e+00 1.050680521978441417e+00 1.055748574176285537e+00 1.060816626374129656e+00 1.065884678571973776e+00 1.070952730769817896e+00 1.076020782967662015e+00 1.081088835165506135e+00 1.086156887363350254e+00 1.091224939561194374e+00 1.096292991759038493e+00 1.101361043956882613e+00 1.106429096154726732e+00 1.111497148352570852e+00
8.682306428560531142e-01 8.732986950538972337e-01 8.783667472517413533e-01 8.834347994495854728e-01 8.885028516474295923e-01 8.935709038452737119e-01 8.986389560431178314e-01 9.037070082409619509e-01 9.087750604388060705e-01 9.138431126366501900e-01 9.189111648344943095e-01 9.239792170323384290e-01 9.290472692301825486e-01 9.341153214280266681e-01 9.391833736258707876e-01 9.442514258237149072e-01 9.493194780215590267e-01 9.543875302194031462e-01 9.594555824172472658e-01 9.645236346150913853e-01 9.695916868129355048e-01 9.746597390107796244e-01 9.797277912086237439e-01 9.847958434064678634e-01 9.898638956043119830e-01 9.949319478021561025e-01 1.000000000000000222e+00 1.005068052197844342e+00 1.010136104395688461e+00 1.015204156593532581e+00 1.020272208791376700e+00 1.025340260989220820e+00 1.030408313187064717e+00 1.035476365384909059e+00 1.040544417582753178e+00 1.045612469780597298e+00 1.050680521978441417e+00 1.055748574176285537e+00 1.060816626374129656e+00 1.065884678571973776e+00 1.070952730769817896e+00 1.076020782967662015e+00 1.081088835165506135e+00 1.086156887363350254e+00 1.091224939561194374e+00 1.096292991759038493e+00 1.101361043956882613e+00 1.106429096154726732e+00 1.111497148352570852e+00 1.116565200550414971e+00
8.732986950538972337e-01 8.783667472517413533e-01 8.834347994495854728e-01 8.885028516474295923e-01 8.935709038452737119e-01 8.986389560431178314e-01 9.037070082409619509e-01 9.087750604388060705e-01 9.138431126366501900e-01 9.189111648344943095e-01 9.239792170323384290e-01 9.290472692301825486e-01 9.341153214280266681e-01 9.391833736258707876e-01 9.442514258237149072e-01 9.493194780215590267e-01 9.543875302194031462e-01 9.594555824172472658e-01 9.645236346150913853e-01 9.695916868129355048e-01 9.746597390107796244e-01 9.797277912086237439e-01 9.847958434064678634e-01 9.898638956043119830e-01 9.949319478021561025e-01 1.000000000000000222e+00 1.005068052197844342e+00 1.010136104395688461e+00 1.015204156593532581e+00 1.020272208791376700e+00 1.025340260989220820e+00 1.030408313187064717e+00 1.035476365384909059e+00 1.040544417582753178e+00 1.045612469780597298e+00 1.050680521978441417e+00 1.055748574176285537e+00 1.060816626374129656e+00 1.065884678571973776e+00 1.070952730769817896e+00 1.076020782967662015e+00 1.081088835165506135e+00 1.086156887363350254e+00 1.091224939561194374e+00 1.096292991759038493e+00 1.101361043956882613e+00 1.106429096154726732e+00 1.111497148352570852e+00 1.116565200550414971e+00 1.121633252748259091e+00
8.783667472517413533e-01 8.834347994495854728e-01 8.885028516474295923e-01 8.935709038452737119e-01 8.986389560431178314e-01 9.037070082409619509e-01 9.087750604388060705e-01 9.138431126366501900e-01 9.189111648344943095e-01 9.239792170323384290e-01 9.290472692301825486e-01 9.341153214280266681e-01 9.391833736258707876e-01 9.442514258237149072e-01 9.493194780215590267e-01 9.543875302194031462e-01 9.594555824172472658e-01 9.645236346150913853e-01 9.695916868129355048e-01 9.746597390107796244e-01 9.797277912086237439e-01 9.847958434064678634e-01 9.898638956043119830e-01 9.949319478021561025e-01 1.000000000000000222e+00 1.005068052197844342e+00 1.010136104395688461e+00 1.015204156593532581e+00 1.020272208791376700e+00 1.025340260989220820e+00 1.030408313187064717e+00 1.035476365384909059e+00 1.040544417582753178e+00 1.045612469780597298e+00 1.050680521978441195e+00 1.055748574176285537e+00 1.060816626374129434e+00 1.065884678571973776e+00 1.070952730769817896e+00 1.076020782967662015e+00 1.081088835165506135e+00 1.086156887363350254e+00 1.091224939561194374e+00 1.096292991759038493e+00 1.101361043956882613e+00 1.106429096154726732e+00 1.111497148352570852e+00 1.116565200550414971e+00 1.121633252748259091e+00 1.126701304946103210e+00
8.834347994495854728e-01 8.885028516474295923e-01 8.935709038452737119e-01 8.986389560431178314e-01 9.037070082409619509e-01 9.087750604388060705e-01 9.138431126366501900e-01 9.189111648344943095e-01 9.239792170323384290e-01 9.290472692301825486e-01 9.341153214280266681e-01 9.391833736258707876e-01 9.442514258237149072e-01 9.493194780215590267e-01 9.543875302194031462e-01 9.594555824172472658e-01 9.645236346150913853e-01 9.695916868129355048e-01 9.746597390107796244e-01 9.797277912086237439e-01 9.847958434064678634e-01 9.898638956043119830e-01 9.949319478021561025e-01 1.000000000000000222e+00 1.005068052197844342e+00 1.010136104395688461e+00 1.015204156593532581e+00 1.020272208791376700e+00 1.025340260989220820e+00 1.030408313187064717e+00 1.035476365384909059e+00 1.040544417582752956e+00 1.045612469780597298e+00 1.050680521978441417e+00 1.055748574176285537e+00 1.060816626374129434e+00 1.065884678571973554e+00 1.070952730769817896e+00 1.076020782967662015e+00 1.081088835165506135e+00 1.086156887363350254e+00 1.091224939561194374e+00 1.096292991759038493e+00 1.101361043956882613e+00 1.106429096154726732e+00 1.111497148352570852e+00 1.116565200550414971e+00 1.121633252748258869e+00 1.126701304946103210e+00 1.131769357143947330e+00
8.885028516474295923e-01 8.935709038452737119e-01 8.986389560431178314e-01 9.037070082409619509e-01 9.087750604388060705e-01 9.138431126366501900e-01 9.189111648344943095e-01 9.239792170323384290e-01 9.290472692301825486e-01 9.341153214280266681e-01 9.391833736258707876e-01 9.442514258237149072e-01 9.493194780215590267e-01 9.543875302194031462e-01 9.594555824172472658e-01 9.645236346150913853e-01 9.695916868129355048e-01 9.746597390107796244e-01 9.797277912086237439e-01 9.847958434064678634e-01 9.898638956043119830e-01 9.949319478021561025e-01 1.000000000000000222e+00 1.005068052197844342e+00 1.010136104395688461e+00 1.015204156593532581e+00 1.020272208791376700e+00 1.025340260989220820e+00 1.030408313187064717e+00 1.035476365384909059e+00 1.040544417582752956e+00 1.045612469780597298e+00 1.050680521978441417e+00 1.055748574176285537e+00 1.060816626374129434e+00 1.065884678571973554e+00 1.070952730769817673e+00 1.076020782967662015e+00 1.081088835165506135e+00 1.086156887363350254e+00 1.091224939561194374e+00 1.096292991759038493e+00 1.101361043956882613e+00 1.106429096154726732e+00 1.111497148352570852e+00 1.116565200550414971e+00 1.121633252748258869e+00 1.126701304946103210e+00 1.131769357143947330e+00 1.136837409341791449e+00
8.935709038452737119e-01 8.986389560431178314e-01 9.037070082409619509e-01 9.087750604388060705e-01 9.138431126366501900e-01 9.189111648344943095e-01 9.239792170323384290e-01 9.290472692301825486e-01 9.341153214280266681e-01 9.391833736258707876e-01 9.442514258237149072e-01 9.493194780215590267e-01 9.543875302194031462e-01 9.594555824172472658e-01 9.645236346150913853e-01 9.695916868129355048e-01 9.746597390107796244e-01 9.797277912086237439e-01 9.847958434064678634e-01 9.898638956043119830e-01 9.949319478021561025e-01 1.000000000000000222e+00 1.005068052197844342e+00 1.010136104395688461e+00 1.015204156593532581e+00 1.020272208791376700e+00 1.025340260989220820e+00 1.030408313187064939e+00 1.035476365384909059e+00 1.040544417582753178e+00 1.045612469780597298e+00 1.050680521978441195e+00 1.055748574176285537e+00 1.060816626374129434e+00 1.065884678571973776e+00 1.070952730769817673e+00 1.076020782967662015e+00 1.081088835165506135e+00 1.086156887363350254e+00 1.091224939561194374e+00 1.096292991759038493e+00 1.101361043956882613e+00 1.106429096154726732e+00 1.111497148352570852e+00 1.116565200550414971e+00 1.121633252748258869e+00 1.126701304946103210e+00 1.131769357143947330e+00 1.136837409341791449e+00 1.141905461539635569e+00
8.986389560431178314e-01 9.037070082409619509e-01 9.087750604388060705e-01 9.138431126366501900e-01 9.189111648344943095e-01 9.239792170323384290e-01 9.290472692301824376e-01 9.341153214280266681e-01 9.391833736258707876e-01 9.442514258237149072e-01 9.493194780215590267e-01 9.543875302194031462e-01 9.594555824172472658e-01 9.645236346150913853e-01 9.695916868129355048e-01 9.746597390107796244e-01 9.797277912086237439e-01 9.847958434064678634e-01 9.898638956043118720e-01 9.949319478021561025e-01 1.000000000000000222e+00 1.005068052197844342e+00 1.010136104395688461e+00 1.015204156593532581e+00 1.020272208791376700e+00 1.025340260989220820e+00 1.030408313187064939e+00 1.035476365384909059e+00 1.040544417582753178e+00 1.045612469780597298e+00 1.050680521978441195e+00 1.055748574176285537e+00 1.060816626374129434e+00 1.065884678571973776e+00 1.070952730769817896e+00 1.076020782967662015e+00 1.081088835165505913e+00 1.086156887363350254e+00 1.091224939561194374e+00 1.096292991759038493e+00 1.101361043956882613e+00 1.106429096154726732e+00 1.111497148352570852e+00 1.116565200550414971e+00 1.121633252748258869e+00 1.126701304946103210e+00 1.131769357143947330e+00 1.136837409341791449e+00 1.141905461539635569e+00 1.146973513737479689e+00
9.037070082409619509e-01 9.087750604388059594e-01 9.138431126366501900e-01 9.189111648344943095e-01 9.239792170323384290e-01 9.290472692301825486e-01 9.341153214280266681e-01 9.391833736258706766e-01 9.442514258237149072e-01 9.493194780215590267e-01 9.543875302194030352e-01 9.594555824172472658e-01 9.645236346150913853e-01 9.695916868129353938e-01 9.746597390107796244e-01 9.797277912086236329e-01 9.847958434064677524e-01 9.898638956043119830e-01 9.949319478021559915e-01 1.000000000000000222e+00 1.005068052197844342e+00 1.010136104395688461e+00 1.015204156593532581e+00 1.020272208791376700e+00 1.025340260989220820e+00 1.030408313187064939e+00 1.035476365384909059e+00 1.040544417582752956e+00 1.045612469780597298e+00 1.050680521978441195e+00 1.055748574176285537e+00 1.060816626374129434e+00 1.065884678571973776e+00 1.070952730769817673e+00 1.076020782967662015e+00 1.081088835165505913e+00 1.086156887363350254e+00 1.091224939561194374e+00 1.096292991759038493e+00 1.101361043956882391e+00 1.106429096154726732e+00 1.111497148352570852e+00 1.116565200550414971e+00 1.121633252748259091e+00 1.126701304946103210e+00 1.131769357143947108e+00 1.136837409341791449e+00 1.141905461539635347e+00 1.146973513737479689e+00 1.152041565935323808e+00
9.087750604388059594e-01 9.138431126366501900e-01 9.189111648344943095e-01 9.239792170323383180e-01 9.290472692301825486e-01 9.341153214280266681e-01 9.391833736258706766e-01 9.442514258237149072e-01 9.493194780215590267e-01 9.543875302194030352e-01 9.594555824172472658e-01 9.645236346150913853e-01 9.695916868129355048e-01 9.746597390107796244e-01 9.797277912086237439e-01 9.847958434064677524e-01 9.898638956043119830e-01 9.949319478021561025e-01 1.000000000000000000e+00 1.005068052197844342e+00 1.010136104395688461e+00 1.015204156593532581e+00 1.020272208791376700e+00 1.025340260989220820e+00 1.030408313187064939e+00 1.035476365384909059e+00 1.040544417582752956e+00 1.045612469780597298e+00 1.050680521978441195e+00 1.055748574176285537e+00 1.060816626374129434e+00 1.065884678571973776e+00 1.070952730769817673e+00 1.076020782967662015e+00 1.081088835165505913e+00 1.086156887363350254e+00 1.091224939561194152e+00 1.096292991759038493e+00 1.101361043956882613e+00 1.106429096154726732e+00 1.111497148352570852e+00 1.116565200550414971e+00 1.121633252748259091e+00 1.126701304946103210e+00 1.131769357143947108e+00 1.136837409341791449e+00 1.141905461539635347e+00 1.146973513737479689e+00 1.152041565935323808e+00 1.157109618133167928e+00
9.138431126366501900e-01 9.189111648344943095e-01 9.239792170323384290e-01 9.290472692301825486e-01 9.341153214280266681e-01 9.391833736258706766e-01 9.442514258237149072e-01 9.493194780215590267e-01 9.543875302194030352e-01 9.594555824172472658e-01 9.645236346150913853e-01 9.695916868129355048e-01 9.746597390107796244e-01 9.797277912086237439e-01 9.847958434064678634e-01 9.898638956043119830e-01 9.949319478021561025e-01 1.000000000000000000e+00 1.005068052197844342e+00 1.010136104395688461e+00 1.015204156593532581e+00 1.020272208791376478e+00 1.025340260989220820e+00 1.030408313187064939e+00 1.035476365384909059e+00 1.040544417582753178e+00 1.045612469780597298e+00 1.050680521978441195e+00 1.055748574176285537e+00 1.060816626374129434e+00 1.065884678571973776e+00 1.070952730769817673e+00 1.076020782967662015e+00 1.081088835165505913e+00 1.086156887363350032e+00 1.091224939561194152e+00 1.096292991759038493e+00 1.101361043956882613e+00 1.106429096154726732e+00 1.111497148352570852e+00 1.116565200550414971e+00 1.121633252748259091e+00 1.126701304946103210e+00 1.131769357143947330e+00 1.136837409341791449e+00 1.141905461539635347e+00 1.146973513737479689e+00 1.152041565935323808e+00 1.157109618133167928e+00 1.162177670331011825e+00
9.189111648344943095e-01 9.239792170323383180e-01 9.290472692301825486e-01 9.341153214280266681e-01 9.391833736258707876e-01 9.442514258237149072e-01 9.493194780215590267e-01 9.543875302194031462e-01 9.594555824172472658e-01 9.645236346150913853e-01 9.695916868129355048e-01 9.746597390107796244e-01 9.797277912086237439e-01 9.847958434064678634e-01 9.898638956043118720e-01 9.949319478021561025e-01 1.000000000000000000e+00 1.005068052197844342e+00 1.010136104395688461e+00 1.015204156593532581e+00 1.020272208791376478e+00 1.025340260989220820e+00 1.030408313187064939e+00 1.035476365384909059e+00 1.040544417582753178e+00 1.045612469780597298e+00 1.050680521978441195e+00 1.055748574176285537e+00 1.060816626374129434e+00 1.065884678571973776e+00 1.070952730769817673e+00 1.076020782967662015e+00 1.081088835165505913e+00 1.086156887363350032e+00 1.091224939561194152e+00 1.096292991759038493e+00 1.101361043956882391e+00 1.106429096154726732e+00 1.111497148352570852e+00 1.116565200550414971e+00 1.121633252748259091e+00 1.126701304946103210e+00 1.131769357143947108e+00 1.136837409341791449e+00 1.141905461539635347e+00 1.146973513737479689e+00 1.152041565935323808e+00 1.157109618133167928e+00 1.162177670331011825e+00 1.167245722528856167e+00
9.239792170323384290e-01 9.290472692301825486e-01 9.341153214280266681e-01 9.391833736258707876e-01 9.442514258237149072e-01 9.493194780215590267e-01 9.543875302194031462e-01 9.594555824172472658e-01 9.645236346150913853e-01 9.695916868129353938e-01 9.746597390107796244e-01 9.797277912086237439e-01 9.847958434064678634e-01 9.898638956043118720e-01 9.949319478021561025e-01 1.000000000000000000e+00 1.005068052197844342e+00 1.010136104395688461e+00 1.015204156593532581e+00 1.020272208791376700e+00 1.025340260989220820e+00 1.030408313187064939e+00 1.035476365384909059e+00 1.040544417582753178e+00 1.045612469780597298e+00 1.050680521978441417e+00 1.055748574176285537e+00 1.060816626374129434e+00 1.065884678571973776e+00 1.070952730769817673e+00 1.076020782967662015e+00 1.081088835165505913e+00 1.086156887363350032e+00 1.091224939561194152e+00 1.096292991759038493e+00 1.101361043956882391e+00 1.106429096154726732e+00 1.111497148352570852e+00 1.116565200550414971e+00 1.121633252748259091e+00 1.126701304946103210e+00 1.131769357143947108e+00 1.136837409341791449e+00 1.141905461539635347e+00 1.146973513737479689e+00 1.152041565935323808e+00 1.157109618133167928e+00 1.162177670331011825e+00 1.167245722528856167e+00 1.172313774726700064e+00
9.290472692301825486e-01 9.341153214280265571e-01 9.391833736258707876e-01 9.442514258237149072e-01 9.493194780215590267e-01 9.543875302194030352e-01 9.594555824172472658e-01 9.645236346150912743e-01 9.695916868129353938e-01 9.746597390107796244e-01 9.797277912086237439e-01 9.847958434064677524e-01 9.898638956043119830e-01 9.949319478021559915e-01 1.000000000000000000e+00 1.005068052197844342e+00 1.010136104395688239e+00 1.015204156593532581e+00 1.020272208791376700e+00 1.025340260989220820e+00 1.030408313187064717e+00 1.035476365384909059e+00 1.040544417582752956e+00 1.045612469780597298e+00 1.050680521978441195e+00 1.055748574176285537e+00 1.060816626374129434e+00 1.065884678571973554e+00 1.070952730769817673e+00 1.076020782967662015e+00 1.081088835165505913e+00 1.086156887363350254e+00 1.091224939561194152e+00 1.096292991759038271e+00 1.101361043956882391e+00 1.106429096154726510e+00 1.111497148352570630e+00 1.116565200550414971e+00 1.121633252748258869e+00 1.126701304946103210e+00 1.131769357143947330e+00 1.136837409341791449e+00 1.141905461539635347e+00 1.146973513737479689e+00 1.152041565935323586e+00 1.157109618133167706e+00 1.162177670331012047e+00 1.167245722528856167e+00 1.172313774726700064e+00 1.177381826924544406e+00
9.341153214280265571e-01 9.391833736258706766e-01 9.442514258237149072e-01 9.493194780215590267e-01 9.543875302194030352e-01 9.594555824172472658e-01 9.645236346150913853e-01 9.695916868129353938e-01 9.746597390107796244e-01 9.797277912086236329e-01 9.847958434064677524e-01 9.898638956043119830e-01 9.949319478021561025e-01 1.000000000000000000e+00 1.005068052197844342e+00 1.010136104395688239e+00 1.015204156593532581e+00 1.020272208791376478e+00 1.025340260989220820e+00 1.030408313187064939e+00 1.035476365384909059e+00 1.040544417582753178e+00 1.045612469780597298e+00 1.050680521978441195e+00 1.055748574176285537e+00 1.060816626374129434e+00 1.065884678571973554e+00 1.070952730769817673e+00 1.076020782967662015e+00 1.081088835165505913e+00 1.086156887363350254e+00 1.091224939561194152e+00 1.096292991759038271e+00 1.101361043956882391e+00 1.106429096154726732e+00 1.111497148352570630e+00 1.116565200550414971e+00 1.121633252748258869e+00 1.126701304946103210e+00 1.131769357143947330e+00 1.136837409341791449e+00 1.141905461539635347e+00 1.146973513737479689e+00 1.152041565935323586e+00 1.157109618133167706e+00 1.162177670331012047e+00 1.167245722528856167e+00 1.172313774726700064e+00 1.177381826924544406e+00 1.182449879122388303e+00
9.391833736258707876e-01 9.442514258237150182e-01 9.493194780215590267e-01 9.543875302194031462e-01 9.594555824172473768e-01 9.645236346150913853e-01 9.695916868129355048e-01 9.746597390107797354e-01 9.797277912086237439e-01 9.847958434064678634e-01 9.898638956043120940e-01 9.949319478021561025e-01 1.000000000000000222e+00 1.005068052197844342e+00 1.010136104395688461e+00 1.015204156593532581e+00 1.020272208791376700e+00 1.025340260989220820e+00 1.030408313187064939e+00 1.035476365384909059e+00 1.040544417582753178e+00 1.045612469780597298e+00 1.050680521978441417e+00 1.055748574176285537e+00 1.060816626374129656e+00 1.065884678571973776e+00 1.070952730769817896e+00 1.076020782967662015e+00 1.081088835165506135e+00 1.086156887363350254e+00 1.091224939561194374e+00 1.096292991759038493e+00 1.101361043956882613e+00 1.106429096154726732e+00 1.111497148352570852e+00 1.116565200550414971e+00 1.121633252748259091e+00 1.126701304946103210e+00 1.131769357143947330e+00 1.136837409341791449e+00 1.141905461539635569e+00 1.146973513737479689e+00 1.152041565935323808e+00 1.157109618133167928e+00 1.162177670331012047e+00 1.167245722528856167e+00 1.172313774726700286e+00 1.177381826924544406e+00 1.182449879122388525e+00 1.187517931320232645e+00
9.442514258237150182e-01 9.493194780215590267e-01 9.543875302194031462e-01 9.594555824172473768e-01 9.645236346150913853e-01 9.695916868129355048e-01 9.746597390107797354e-01 9.797277912086237439e-01 9.847958434064678634e-01 9.898638956043119830e-01 9.949319478021561025e-01 1.000000000000000222e+00 1.005068052197844342e+00 1.010136104395688461e+00 1.015204156593532581e+00 1.020272208791376700e+00 1.025340260989220820e+00 1.030408313187064939e+00 1.035476365384909059e+00 1.040544417582753400e+00 1.045612469780597298e+00 1.050680521978441417e+00 1.055748574176285537e+00 1.060816626374129656e+00 1.065884678571973776e+00 1.070952730769817896e+00 1.076020782967662015e+00 1.081088835165506135e+00 1.086156887363350254e+00 1.091224939561194374e+00 1.096292991759038493e+00 1.101361043956882613e+00 1.106429096154726732e+00 1.111497148352570852e+00 1.116565200550414971e+00 1.121633252748259091e+00 1.126701304946103210e+00 1.131769357143947330e+00 1.136837409341791449e+00 1.141905461539635569e+00 1.146973513737479689e+00 1.152041565935323808e+00 1.157109618133167928e+00 1.162177670331012047e+00 1.167245722528856167e+00 1.172313774726700286e+00 1.177381826924544406e+00 1.182449879122388525e+00 1.187517931320232645e+00 1.192585983518076764e+00
9.493194780215590267e-01 9.543875302194032573e-01 9.594555824172472658e-01 9.645236346150913853e-01 9.695916868129355048e-01 9.746597390107796244e-01 9.797277912086237439e-01 9.847958434064678634e-01 9.898638956043119830e-01 9.949319478021561025e-01 1.000000000000000222e+00 1.005068052197844342e+00 1.010136104395688461e+00 1.015204156593532581e+00 1.020272208791376700e+00 1.025340260989220820e+00 1.030408313187064939e+00 1.035476365384909059e+00 1.040544417582753178e+00 1.045612469780597298e+00 1.050680521978441417e+00 1.055748574176285537e+00 1.060816626374129656e+00 1.065884678571973776e+00 1.070952730769817896e+00 1.076020782967662015e+00 1.081088835165506135e+00 1.086156887363350254e+00 1.091224939561194374e+00 1.096292991759038493e+00 1.101361043956882613e+00 1.106429096154726732e+00 1.111497148352570630e+00 1.116565200550414971e+00 1.121633252748259091e+00 1.126701304946103210e+00 1.131769357143947330e+00 1.136837409341791449e+00 1.141905461539635569e+00 1.146973513737479689e+00 1.152041565935323808e+00 1.157109618133167928e+00 1.162177670331012047e+00 1.167245722528856167e+00 1.172313774726700286e+00 1.177381826924544406e+00 1.182449879122388525e+00 1.187517931320232645e+00 1.192585983518076764e+00 1.197654035715920884e+00
9.543875302194031462e-01 9.594555824172472658e-01 9.645236346150913853e-01 9.695916868129355048e-01 9.746597390107796244e-01 9.797277912086237439e-01 9.847958434064678634e-01 9.898638956043119830e-01 9.949319478021561025e-01 1.000000000000000222e+00 1.005068052197844342e+00 1.010136104395688461e+00 1.015204156593532581e+00 1.020272208791376700e+00 1.025340260989220820e+00 1.030408313187064939e+00 1.035476365384909059e+00 1.040544417582753178e+00 1.045612469780597298e+00 1.050680521978441417e+00 1.055748574176285537e+00 1.060816626374129656e+00 1.065884678571973776e+00 1.070952730769817896e+00 1.076020782967662015e+00 1.081088835165506135e+00 1.086156887363350254e+00 1.091224939561194374e+00 1.096292991759038493e+00 1.101361043956882613e+00 1.106429096154726732e+00 1.111497148352570630e+00 1.116565200550414971e+00 1.121633252748259091e+00 1.126701304946103210e+00 1.131769357143947330e+00 1.136837409341791449e+00 1.141905461539635569e+00 1.146973513737479689e+00 1.152041565935323808e+00 1.157109618133167928e+00 1.162177670331012047e+00 1.167245722528856167e+00 1.172313774726700286e+00 1.177381826924544406e+00 1.182449879122388525e+00 1.187517931320232645e+00 1.192585983518076764e+00 1.197654035715920884e+00 1.202722087913765003e+00
9.594555824172473768e-01 9.645236346150913853e-01 9.695916868129355048e-01 9.746597390107797354e-01 9.797277912086237439e-01 9.847958434064678634e-01 9.898638956043119830e-01 9.949319478021561025e-01 1.000000000000000222e+00 1.005068052197844342e+00 1.010136104395688461e+00 1.015204156593532581e+00 1.020272208791376700e+00 1.025340260989220820e+00 1.030408313187064939e+00 1.035476365384909059e+00 1.040544417582753178e+00 1.045612469780597298e+00 1.050680521978441195e+00 1.055748574176285537e+00 1.060816626374129656e+00 1.065884678571973776e+00 1.070952730769817896e+00 1.076020782967662015e+00 1.081088835165506135e+00 1.086156887363350254e+00 1.091224939561194374e+00 1.096292991759038493e+00 1.101361043956882613e+00 1.106429096154726732e+00 1.111497148352570630e+00 1.116565200550414971e+00 1.121633252748259091e+00 1.126701304946103210e+00 1.131769357143947330e+00 1.136837409341791449e+00 1.141905461539635347e+00 1.146973513737479689e+00 1.152041565935323808e+00 1.157109618133167928e+00 1.162177670331012047e+00 1.167245722528856167e+00 1.172313774726700286e+00 1.177381826924544406e+00 1.182449879122388525e+00 1.187517931320232645e+00 1.192585983518076764e+00 1.197654035715920884e+00 1.202722087913765003e+00 1.207790140111609123e+00
9.645236346150913853e-01 9.695916868129355048e-01 9.746597390107797354e-01 9.797277912086237439e-01 9.847958434064678634e-01 9.898638956043120940e-01 9.949319478021561025e-01 1.000000000000000222e+00 1.005068052197844342e+00 1.010136104395688461e+00 1.015204156593532581e+00 1.020272208791376700e+00 1.025340260989220820e+00 1.030408313187064939e+00 1.035476365384909059e+00 1.040544417582753178e+00 1.045612469780597298e+00 1.050680521978441417e+00 1.055748574176285537e+00 1.060816626374129656e+00 1.065884678571973776e+00 1.070952730769817896e+00 1.076020782967662015e+00 1.081088835165506135e+00 1.086156887363350254e+00 1.091224939561194374e+00 1.096292991759038493e+00 1.101361043956882613e+00 1.106429096154726732e+00 1.111497148352570852e+00 1.116565200550414971e+00 1.121633252748259091e+00 1.126701304946103210e+00 1.131769357143947330e+00 1.136837409341791449e+00 1.141905461539635347e+00 1.146973513737479689e+00 1.152041565935323808e+00 1.157109618133167928e+00 1.162177670331012047e+00 1.167245722528856167e+00 1.172313774726700286e+00 1.177381826924544406e+00 1.182449879122388525e+00 1.187517931320232645e+00 1.192585983518076764e+00 1.197654035715920884e+00 1.202722087913765003e+00 1.207790140111609123e+00 1.212858192309453242e+00
9.695916868129355048e-01 9.746597390107796244e-01 9.797277912086237439e-01 9.847958434064678634e-01 9.898638956043119830e-01 9.949319478021561025e-01 1.000000000000000222e+00 1.005068052197844342e+00 1.010136104395688461e+00 1.015204156593532581e+00 1.020272208791376700e+00 1.025340260989220820e+00 1.030408313187064939e+00 1.035476365384909059e+00 1.040544417582753178e+00 1.045612469780597298e+00 1.050680521978441417e+00 1.055748574176285537e+00 1.060816626374129656e+00 1.065884678571973776e+00 1.070952730769817896e+00 1.076020782967662015e+00 1.081088835165506135e+00 1.086156887363350254e+00 1.091224939561194374e+00 1.096292991759038493e+00 1.101361043956882613e+00 1.106429096154726732e+00 1.111497148352570852e+00 1.116565200550414971e+00 1.121633252748259091e+00 1.126701304946103210e+00 1.131769357143947330e+00 1.136837409341791449e+00 1.141905461539635569e+00 1.146973513737479689e+00 1.152041565935323808e+00 1.157109618133167928e+00 1.162177670331012047e+00 1.167245722528856167e+00 1.172313774726700286e+00 1.177381826924544406e+00 1.182449879122388525e+00 1.187517931320232645e+00 1.192585983518076764e+00 1.197654035715920884e+00 1.202722087913765003e+00 1.207790140111609123e+00 1.212858192309453242e+00 1.217926244507297362e+00
9.746597390107796244e-01 9.797277912086237439e-01 9.847958434064678634e-01 9.898638956043119830e-01 9.949319478021561025e-01 1.000000000000000222e+00 1.005068052197844342e+00 1.010136104395688461e+00 1.015204156593532581e+00 1.020272208791376700e+00 1.025340260989220820e+00 1.030408313187064939e+00 1.035476365384909059e+00 1.040544417582753178e+00 1.045612469780597298e+00 1.050680521978441417e+00 1.055748574176285537e+00 1.060816626374129656e+00 1.065884678571973776e+00 1.070952730769817896e+00 1.076020782967662015e+00 1.081088835165506135e+00 1.086156887363350254e+00 1.091224939561194374e+00 1.096292991759038493e+00 1.101361043956882613e+00 1.106429096154726732e+00 1.111497148352570852e+00 1.116565200550414971e+00 1.121633252748259091e+00 1.126701304946103210e+00 1.131769357143947330e+00 1.136837409341791449e+00 1.141905461539635347e+00 1.146973513737479689e+00 1.152041565935323586e+00 1.157109618133167706e+00 1.162177670331012047e+00 1.167245722528856167e+00 1.172313774726700286e+00 1.177381826924544406e+00 1.182449879122388525e+00 1.187517931320232645e+00 1.192585983518076764e+00 1.197654035715920884e+00 1.202722087913764781e+00 1.207790140111609123e+00 1.212858192309453242e+00 1.217926244507297362e+00 1.222994296705141481e+00
9.797277912086237439e-01 9.847958434064678634e-01 9.898638956043119830e-01 9.949319478021561025e-01 1.000000000000000222e+00 1.005068052197844342e+00 1.010136104395688461e+00 1.015204156593532581e+00 1.020272208791376700e+00 1.025340260989220820e+00 1.030408313187064939e+00 1.035476365384909059e+00 1.040544417582753178e+00 1.045612469780597298e+00 1.050680521978441417e+00 1.055748574176285537e+00 1.060816626374129656e+00 1.065884678571973776e+00 1.070952730769817896e+00 1.076020782967662015e+00 1.081088835165506135e+00 1.086156887363350254e+00 1.091224939561194374e+00 1.096292991759038493e+00 1.101361043956882613e+00 1.106429096154726732e+00 1.111497148352570852e+00 1.116565200550414971e+00 1.121633252748259091e+00 1.126701304946103210e+00 1.131769357143947330e+00 1.136837409341791449e+00 1.141905461539635347e+00 1.146973513737479689e+00 1.152041565935323808e+00 1.157109618133167706e+00 1.162177670331011825e+00 1.167245722528856167e+00 1.172313774726700286e+00 1.177381826924544406e+00 1.182449879122388525e+00 1.187517931320232645e+00 1.192585983518076764e+00 1.197654035715920884e+00 1.202722087913764781e+00 1.207790140111609123e+00 1.212858192309453242e+00 1.217926244507297362e+00 1.222994296705141481e+00 1.228062348902985601e+00
9.847958434064678634e-01 9.898638956043119830e-01 9.949319478021561025e-01 1.000000000000000222e+00 1.005068052197844342e+00 1.010136104395688461e+00 1.015204156593532581e+00 1.020272208791376700e+00 1.025340260989220820e+00 1.030408313187064939e+00 1.035476365384909059e+00 1.040544417582753178e+00 1.045612469780597298e+00 1.050680521978441417e+00 1.055748574176285537e+00 1.060816626374129656e+00 1.065884678571973776e+00 1.070952730769817896e+00 1.076020782967662015e+00 1.081088835165506135e+00 1.086156887363350254e+00 1.091224939561194374e+00 1.096292991759038493e+00 1.101361043956882613e+00 1.106429096154726732e+00 1.111497148352570852e+00 1.116565200550414971e+00 1.121633252748259091e+00 1.126701304946103210e+00 1.131769357143947108e+00 1.136837409341791449e+00 1.141905461539635347e+00 1.146973513737479689e+00 1.152041565935323808e+00 1.157109618133167928e+00 1.162177670331011825e+00 1.167245722528856167e+00 1.172313774726700286e+00 1.177381826924544406e+00 1.182449879122388525e+00 1.187517931320232645e+00 1.192585983518076764e+00 1.197654035715920884e+00 1.202722087913765003e+00 1.207790140111609123e+00 1.212858192309453242e+00 1.217926244507297362e+00 1.222994296705141481e+00 1.228062348902985601e+00 1.233130401100829499e+00
9.898638956043119830e-01 9.949319478021561025e-01 1.000000000000000222e+00 1.005068052197844342e+00 1.010136104395688461e+00 1.015204156593532581e+00 1.020272208791376700e+00 1.025340260989220820e+00 1.030408313187064939e+00 1.035476365384909059e+00 1.040544417582753178e+00 1.045612469780597298e+00 1.050680521978441417e+00 1.055748574176285537e+00 1.060816626374129656e+00 1.065884678571973776e+00 1.070952730769817896e+00 1.076020782967662015e+00 1.081088835165506135e+00 1.086156887363350254e+00 1.091224939561194374e+00 1.096292991759038493e+00 1.101361043956882613e+00 1.106429096154726732e+00 1.111497148352570852e+00 1.116565200550414971e+00 1.121633252748259091e+00 1.126701304946103210e+00 1.131769357143947108e+00 1.136837409341791449e+00 1.141905461539635347e+00 1.146973513737479689e+00 1.152041565935323808e+00 1.157109618133167928e+00 1.162177670331011825e+00 1.167245722528856167e+00 1.172313774726700064e+00 1.177381826924544406e+00 1.182449879122388525e+00 1.187517931320232645e+00 1.192585983518076764e+00 1.197654035715920884e+00 1.202722087913765003e+00 1.207790140111609123e+00 1.212858192309453242e+00 1.217926244507297362e+00 1.222994296705141481e+00 1.228062348902985601e+00 1.233130401100829499e+00 1.238198453298673840e+00
9.949319478021561025e-01 1.000000000000000222e+00 1.005068052197844342e+00 1.010136104395688461e+00 1.015204156593532581e+00 1.020272208791376700e+00 1.025340260989220820e+00 1.030408313187064939e+00 1.035476365384909059e+00 1.040544417582753178e+00 1.045612469780597298e+00 1.050680521978441417e+00 1.055748574176285537e+00 1.060816626374129656e+00 1.065884678571973776e+00 1.070952730769817896e+00 1.076020782967662015e+00 1.081088835165506135e+00 1.086156887363350254e+00 1.091224939561194374e+00 1.096292991759038493e+00 1.101361043956882613e+00 1.106429096154726732e+00 1.111497148352570852e+00 1.116565200550414971e+00 1.121633252748259091e+00 1.126701304946103210e+00 1.131769357143947108e+00 1.136837409341791449e+00 1.141905461539635569e+00 1.146973513737479689e+00 1.152041565935323808e+00 1.157109618133167928e+00 1.162177670331011825e+00 1.167245722528856167e+00 1.172313774726700064e+00 1.177381826924544184e+00 1.182449879122388525e+00 1.187517931320232645e+00 1.192585983518076764e+00 1.197654035715920884e+00 1.202722087913765003e+00 1.207790140111609123e+00 1.212858192309453242e+00 1.217926244507297362e+00 1.222994296705141481e+00 1.228062348902985601e+00 1.233130401100829499e+00 1.238198453298673840e+00 1.243266505496517738e+00
1.000000000000000222e+00 1.005068052197844342e+00 1.010136104395688461e+00 1.015204156593532581e+00 1.020272208791376700e+00 1.025340260989220820e+00 1.030408313187064939e+00 1.035476365384909059e+00 1.040544417582753178e+00 1.045612469780597298e+00 1.050680521978441417e+00 1.055748574176285537e+00 1.060816626374129656e+00 1.065884678571973776e+00 1.070952730769817896e+00 1.076020782967662015e+00 1.081088835165506135e+00 1.086156887363350254e+00 1.091224939561194374e+00 1.096292991759038493e+00 1.101361043956882613e+00 1.106429096154726732e+00 1.111497148352570852e+00 1.116565200550414971e+00 1.121633252748259091e+00 1.126701304946103210e+00 1.131769357143947108e+00 1.136837409341791449e+00 1.141905461539635569e+00 1.146973513737479689e+00 1.152041565935323808e+00 1.157109618133167928e+00 1.162177670331011825e+00 1.167245722528856167e+00 1.172313774726700286e+00 1.177381826924544184e+00 1.182449879122388525e+00 1.187517931320232645e+00 1.192585983518076764e+00 1.197654035715920884e+00 1.202722087913765003e+00 1.207790140111609123e+00 1.212858192309453242e+00 1.217926244507297362e+00 1.222994296705141481e+00 1.228062348902985601e+00 1.233130401100829499e+00 1.238198453298673840e+00 1.243266505496517738e+00 1.248334557694362079e+00
