-1.282407870779045389e-03 -1.112295463022039410e-02 -3.187067139776611491e-02 -5.515639704068686644e-02 -7.919024021001352942e-02 -1.033675241562267422e-01 -1.275703112950444806e-01 -1.517056375381895528e-01 -1.757524492061122157e-01 -1.997130081247465716e-01 -2.235682447775544368e-01 -2.472997216331888071e-01 -2.709571699349559992e-01 -2.945285256470725477e-01 -3.180305172723200124e-01 -3.414344397869880643e-01 -3.647806257922822093e-01 -3.880629341234891339e-01 -4.112871341258236835e-01 -4.344581584919966488e-01 -4.575823884669553143e-01 -4.806606334422436344e-01 -5.036965851736718847e-01 -5.266832842428086359e-01 -5.496400550906231919e-01 -5.725609561423578020e-01 -5.954443710549065516e-01 -6.183051670389887455e-01 -6.411207179352773622e-01 -6.639021329688161721e-01 -6.866562394639306177e-01 -7.093448726136382110e-01 -7.319931964269354996e-01 -7.545824043158265715e-01 -7.770999946736372177e-01 -7.995306644088563397e-01 -8.218466747182061605e-01 -8.440291827563269900e-01 -8.660404309529485811e-01 -8.877634533505600611e-01 -9.091529642840336933e-01 -9.300371496139842042e-01 -9.500050825440339297e-01 -9.681901499732086247e-01 -9.746597213208871846e-01 -9.797271209235199896e-01 -9.847958796573719198e-01 -9.898639985715362855e-01 -9.949320456689065839e-01 -1.000000001572640240e+00
-1.072464869902278739e-02 -1.364655333902975443e-02 -3.024981797309722609e-02 -5.182457834699238930e-02 -7.503121965325632026e-02 -9.878570225295069118e-02 -1.227173342251972610e-01 -1.467087981885282222e-01 -1.706716494432308773e-01 -1.945744227841698093e-01 -2.184271797993634356e-01 -2.421541869790739820e-01 -2.658115325067172963e-01 -2.894192843736850262e-01 -3.129399077054740852e-01 -3.363912667422441216e-01 -3.597784154605062068e-01 -3.831058972006330388e-01 -4.063785115074103893e-01 -4.295999778505006361e-01 -4.527843732225472206e-01 -4.759090822108006380e-01 -4.990009093172403931e-01 -5.220614998583527067e-01 -5.450947683736286908e-01 -5.680752935604145293e-01 -5.910356377111560811e-01 -6.139666666909263659e-01 -6.368727276891187339e-01 -6.597321486833740423e-01 -6.825740302229488243e-01 -7.053742524026723748e-01 -7.281502575048878212e-01 -7.508448721984407603e-01 -7.734801038914589366e-01 -7.960785130296839096e-01 -8.185609054761513459e-01 -8.409284387268460836e-01 -8.631479912214747863e-01 -8.851489467482932527e-01 -9.068801265293969793e-01 -9.281808669244546728e-01 -9.488046121253288501e-01 -9.682138997092443189e-01 -9.797277865417948206e-01 -9.847931184446565567e-01 -9.898639673145818163e-01 -9.949320043145571946e-01 -9.999999202121079289e-01 -1.005068209797067569e+00
-3.090291083025764607e-02 -2.951384651522170888e-02 -3.961190856099061630e-02 -5.682146634456930467e-02 -7.740210281077963828e-02 -9.953560709415310015e-02 -1.224401315018941450e-01 -1.457103939123294278e-01 -1.691623462580906789e-01 -1.926936601883714184e-01 -2.162640625397631577e-01 -2.397918502563006760e-01 -2.633174778746527611e-01 -2.867849253574681345e-01 -3.102213119644222639e-01 -3.336116689261980905e-01 -3.569577537999280015e-01 -3.802606629216486178e-01 -4.035223541798525493e-01 -4.267466559831565309e-01 -4.499422539317511904e-01 -4.730978241671920381e-01 -4.962135831578410872e-01 -5.193206955263989233e-01 -5.423743126947524473e-01 -5.654189048680717811e-01 -5.884587902170488327e-01 -6.114611903461358855e-01 -6.344445055869251116e-01 -6.574075471521465541e-01 -6.803440510158801358e-01 -7.032575742968643073e-01 -7.261413655671962175e-01 -7.490009610572754273e-01 -7.718133319023057215e-01 -7.945551870646616610e-01 -8.172424595004583736e-01 -8.398320674328156876e-01 -8.623181807863723458e-01 -8.846367521216111918e-01 -9.067230237743169052e-01 -9.284685707769793073e-01 -9.496734964114570410e-01 -9.698822832125161275e-01 -9.847929625168068135e-01 -9.898638919285462912e-01 -9.949323831016533282e-01 -1.000000007476739672e+00 -1.005068077517457859e+00 -1.010135990323031807e+00
-5.373847906328288460e-02 -5.052076697390917026e-02 -5.605223354298127791e-02 -6.867871498189093149e-02 -8.577271328814672913e-02 -1.054668857666708481e-01 -1.266477222414831294e-01 -1.486742572163478604e-01 -1.712071324831677677e-01 -1.940568791745411747e-01 -2.170745924579914332e-01 -2.401926748333685913e-01 -2.633812051304877944e-01 -2.865995491213348956e-01 -3.098302899680830391e-01 -3.330570686011466996e-01 -3.562724272532866165e-01 -3.794807765731984528e-01 -4.026766578460396762e-01 -4.258410729641390335e-01 -4.489963838765466675e-01 -4.721325586375829664e-01 -4.952595244175705402e-01 -5.183682572956628265e-01 -5.414628898380868804e-01 -5.645426819161576404e-01 -5.876221150382158198e-01 -6.107124363320108884e-01 -6.337560028517448263e-01 -6.568101992421410129e-01 -6.798505328749494536e-01 -7.028658000758457591e-01 -7.259089604873019130e-01 -7.489065138575330405e-01 -7.718880749851571021e-01 -7.948368831157653913e-01 -8.177518257390015144e-01 -8.406165761495122402e-01 -8.633675819387031103e-01 -8.860528155560680741e-01 -9.085263689598754855e-01 -9.307508049434077835e-01 -9.525375607949042589e-01 -9.734800061124307957e-01 -9.898638948866230747e-01 -9.949319434006542728e-01 -9.999999328206164995e-01 -1.005068112398284752e+00 -1.010136050178792599e+00 -1.015204216492396450e+00
-7.733185997695724012e-02 -7.320907232667495101e-02 -7.600907640035603485e-02 -8.505314178890344134e-02 -9.884048199953121561e-02 -1.158153122210335839e-01 -1.348973443399609229e-01 -1.553178971296164113e-01 -1.766138362178550913e-01 -1.984870624195117506e-01 -2.207462786281335632e-01 -2.432673112500316481e-01 -2.659681849423686240e-01 -2.887890120499799762e-01 -3.116939271161207614e-01 -3.346645768678031541e-01 -3.576737878138904758e-01 -3.806959436344251602e-01 -4.037715025647379274e-01 -4.268212611608839246e-01 -4.499081204310512172e-01 -4.729784219282432423e-01 -4.960666500169179649e-01 -5.191633542781232125e-01 -5.422568384699865129e-01 -5.653660347765370187e-01 -5.884784643523555125e-01 -6.116084748403008975e-01 -6.347282820955671978e-01 -6.578403021785041993e-01 -6.810230400772289139e-01 -7.041562689129770014e-01 -7.273265109394559946e-01 -7.504945945137156960e-01 -7.736722970203471217e-01 -7.968371386213108920e-01 -8.199916719048030433e-01 -8.431309683384258236e-01 -8.662358722467159433e-01 -8.892792506095428262e-01 -9.122203008923471801e-01 -9.349854263891127504e-01 -9.574257148293804365e-01 -9.791485497499278212e-01 -9.949319239958244188e-01 -9.999989673403746337e-01 -1.005068753778409762e+00 -1.010135908381737835e+00 -1.015204018102759509e+00 -1.020272255310943343e+00
-1.011561122557861347e-01 -9.654849026481104879e-02 -9.765538934792306058e-02 -1.041308255700597041e-01 -1.151396870582090948e-01 -1.295943657112403891e-01 -1.465157586886308705e-01 -1.651795608812784977e-01 -1.850510501157583976e-01 -2.057735820420075745e-01 -2.270998549894169827e-01 -2.488599272869975731e-01 -2.709395095570625855e-01 -2.932449149378348885e-01 -3.157282410577300080e-01 -3.383432011153270080e-01 -3.610627023635049615e-01 -3.838524996252276056e-01 -4.067081524015691563e-01 -4.296162572744445241e-01 -4.525766400871197304e-01 -4.755629067134667931e-01 -4.985746532521903585e-01 -5.216208237865337383e-01 -5.446990269685285657e-01 -5.677896611797532689e-01 -5.909375417324553847e-01 -6.140981637717651820e-01 -6.372906479223960918e-01 -6.605057619047207673e-01 -6.837625754566087899e-01 -7.070360630359453502e-01 -7.303427728577279732e-01 -7.536854247819773089e-01 -7.770586483898153096e-01 -8.004641686923192889e-01 -8.238930151042892502e-01 -8.473604152896179187e-01 -8.708544513394431696e-01 -8.943281918847276746e-01 -9.178310065874807355e-01 -9.412204101422932956e-01 -9.644784243440620575e-01 -9.872114983007382882e-01 -9.999999720044404627e-01 -1.005046445992818338e+00 -1.010136102602545494e+00 -1.015205221871187335e+00 -1.020272273506505067e+00 -1.025339869271450155e+00
-1.250155282590165173e-01 -1.201389550631022374e-01 -1.201063232779293610e-01 -1.247781837514945202e-01 -1.336318669229086264e-01 -1.458932365751305360e-01 -1.608135361204297009e-01 -1.777229234018719017e-01 -1.961099877264265157e-01 -2.155867707278822376e-01 -2.358974491424346009e-01 -2.567697610400611063e-01 -2.781202110779010805e-01 -2.998224307652428422e-01 -3.217962029568403048e-01 -3.439829478947705743e-01 -3.663398111039293248e-01 -3.888209684152065249e-01 -4.114412968447078711e-01 -4.341611348190893560e-01 -4.569310622098188279e-01 -4.797987520264080930e-01 -5.027046851662342331e-01 -5.256830021585151558e-01 -5.487159297989727680e-01 -5.717895253237822439e-01 -5.949454356325739601e-01 -6.181401084610761432e-01 -6.413746085311067269e-01 -6.646864171040216540e-01 -6.880152511872583698e-01 -7.114360160271511191e-01 -7.348963251484338377e-01 -7.584271623966409859e-01 -7.820239552558185814e-01 -8.056931698805858133e-01 -8.294297284332227127e-01 -8.532615550505955326e-01 -8.772023307289336103e-01 -9.012100115153525159e-01 -9.253500835505827915e-01 -9.496335657249914686e-01 -9.741402577945441621e-01 -9.992344943294285686e-01 -1.005064234182792227e+00 -1.010136097767976304e+00 -1.015204139818287610e+00 -1.020272217853313013e+00 -1.025340259067955673e+00 -1.030408613220238578e+00
-1.488818822171570355e-01 -1.438379443101471811e-01 -1.430306582806649685e-01 -1.463788256554005018e-01 -1.535510470587289067e-01 -1.640060451496334615e-01 -1.771504496129333583e-01 -1.924292635543655150e-01 -2.093895674481929259e-01 -2.275998358185041814e-01 -2.467900909634620499e-01 -2.667593600237885276e-01 -2.873351128502146246e-01 -3.083524918243939483e-01 -3.297550407365604785e-01 -3.514458647108638090e-01 -3.733966800902721039e-01 -3.955481313361129958e-01 -4.178623148941248422e-01 -4.403309398848215261e-01 -4.629038915030228019e-01 -4.855973704097538146e-01 -5.083905303930383868e-01 -5.312767412793325539e-01 -5.542564183199190087e-01 -5.773008869744056248e-01 -6.004301877072947269e-01 -6.236569828183439190e-01 -6.469325323815595663e-01 -6.703051505661123954e-01 -6.937563549455225687e-01 -7.173064216300579776e-01 -7.409422187252246994e-01 -7.646801368613103111e-01 -7.885265446912985698e-01 -8.124951342358032180e-01 -8.365840176560839225e-01 -8.608650710999784517e-01 -8.853208456286718597e-01 -9.100230803633033716e-01 -9.350720326534194271e-01 -9.607166398303881305e-01 -9.887092948001932058e-01 -9.976696819664386817e-01 -1.006446703464337400e+00 -1.014838988391871588e+00 -1.020269096871426306e+00 -1.025340274392312567e+00 -1.030408333414754463e+00 -1.035476369111395067e+00
-1.726527364517269625e-01 -1.675153214897143750e-01 -1.661637167174789820e-01 -1.685463582686371753e-01 -1.744209024936366204e-01 -1.834005410088518362e-01 -1.950277529244202057e-01 -2.088581877780382179e-01 -2.244507466670104812e-01 -2.414306154765800683e-01 -2.595702863600704013e-01 -2.785988068909340809e-01 -2.983338065096333702e-01 -3.186570437955068558e-01 -3.394481561082126619e-01 -3.606254205202592544e-01 -3.821180483878580114e-01 -4.038792818688153874e-01 -4.258857593515301132e-01 -4.480624058347730809e-01 -4.704044282749796357e-01 -4.929138780245878593e-01 -5.155564715466387504e-01 -5.383285117910276973e-01 -5.612343156739478811e-01 -5.842212507380489805e-01 -6.073531795652310494e-01 -6.305848898881610820e-01 -6.538863364542135681e-01 -6.773713088187749420e-01 -7.009301840832353747e-01 -7.246218415539469326e-01 -7.484468200683391803e-01 -7.724178941459447501e-01 -7.965506709568870303e-01 -8.208685290602828477e-01 -8.454035317325496734e-01 -8.701917668871598233e-01 -8.953523121792439365e-01 -9.210015452631848953e-01 -9.475148822950945071e-01 -9.771874344106564747e-01 -9.863978851761012745e-01 -9.955189556579381316e-01 -1.004597404719353770e+00 -1.013548129097665784e+00 -1.022301846142141368e+00 -1.030400157874339140e+00 -1.035476202913151234e+00 -1.040544400636095546e+00
-1.963813462867277648e-01 -1.911788746478850776e-01 -1.894283030608092666e-01 -1.910725909610853090e-01 -1.959385722581538092e-01 -2.037135289838118979e-01 -2.140768605274923075e-01 -2.266083643770731015e-01 -2.409513084825030127e-01 -2.568126359667448622e-01 -2.739182497034069463e-01 -2.920177240899010096e-01 -3.109487015049761105e-01 -3.305508486276632629e-01 -3.507223386789657393e-01 -3.713442107057038921e-01 -3.923643800437213724e-01 -4.137149353176632349e-01 -4.353617336185988673e-01 -4.572369467924600195e-01 -4.793387682306290976e-01 -5.016474703696248705e-01 -5.241166150184475292e-01 -5.467856622025318858e-01 -5.695777821782906924e-01 -5.925402626038323017e-01 -6.156051035980126818e-01 -6.388658170356196209e-01 -6.622549913575446201e-01 -6.857926406974369504e-01 -7.094885561543290420e-01 -7.333473509223233933e-01 -7.573879421950090451e-01 -7.816295382743487785e-01 -8.061013210155598685e-01 -8.308397822653735831e-01 -8.559116741602664780e-01 -8.814103767149100710e-01 -9.075403406272911644e-01 -9.347349104874119741e-01 -9.656349459923493361e-01 -9.748604267656912903e-01 -9.840717256559644577e-01 -9.933003217590490319e-01 -1.002509117854277987e+00 -1.011644876674528071e+00 -1.020721097872025807e+00 -1.029655069638744092e+00 -1.038334187634238459e+00 -1.045612473471084991e+00
-2.200184028269250858e-01 -2.148195990633477992e-01 -2.127757471469078343e-01 -2.138427714062958174e-01 -2.178852001196079913e-01 -2.247042362321244324e-01 -2.339865658120233727e-01 -2.453833429685271517e-01 -2.586549421009322058e-01 -2.734835837249061097e-01 -2.896093160079973305e-01 -3.068325193097394266e-01 -3.249700636549152089e-01 -3.438649502020547644e-01 -3.633988499210455414e-01 -3.834742416476916160e-01 -4.040072886140620989e-01 -4.249493646988725670e-01 -4.462101931993044390e-01 -4.677847965698500587e-01 -4.896286068517601286e-01 -5.117143916342065113e-01 -5.340153119089543488e-01 -5.565358163114573209e-01 -5.792450532124823193e-01 -6.021406708547329956e-01 -6.252197266186386715e-01 -6.484819986818921578e-01 -6.719298964955044973e-01 -6.955659435648673394e-01 -7.194072186295744631e-01 -7.434620429072823500e-01 -7.677573059175476500e-01 -7.923233918980089330e-01 -8.172091162223575900e-01 -8.424832265561459366e-01 -8.682672698818207913e-01 -8.947776462263683506e-01 -9.225046477443292758e-01 -9.544132826410015591e-01 -9.635264494943652780e-01 -9.726682423860513182e-01 -9.819238054416596917e-01 -9.911705118945399740e-01 -1.000392039112788956e+00 -1.009653977932745805e+00 -1.018849674860230481e+00 -1.028040688201459885e+00 -1.037050993979622637e+00 -1.045944681652736241e+00
-2.435736587728621894e-01 -2.383618721706383115e-01 -2.360943206099915814e-01 -2.367270935794087983e-01 -2.401404105801285827e-01 -2.461502307663474554e-01 -2.545233455734899897e-01 -2.649923030930948498e-01 -2.773017881223051040e-01 -2.911896287805172401e-01 -3.064438606270314391e-01 -3.228396068908545580e-01 -3.402184749064308678e-01 -3.584301626062936785e-01 -3.773489131671153851e-01 -3.968787067606848185e-01 -4.169275823773769263e-01 -4.374344049856940808e-01 -4.583535986525214545e-01 -4.795990309972240073e-01 -5.011767081771604238e-01 -5.230445581379081776e-01 -5.451735471906991037e-01 -5.675550510288949191e-01 -5.901577529341454076e-01 -6.130110323909321313e-01 -6.360758609289753895e-01 -6.593741799707037998e-01 -6.828924395645238343e-01 -7.066527499015520242e-01 -7.306670422917564967e-01 -7.549584873500342352e-01 -7.795642689194031139e-01 -8.045339438860540371e-01 -8.299497873306449502e-01 -8.559336627647902151e-01 -8.827190386144615486e-01 -9.109079659698383624e-01 -9.436028259828406206e-01 -9.525815626168069317e-01 -9.616376523335292692e-01 -9.707606017429558642e-01 -9.799344634787615638e-01 -9.891654270979426400e-01 -9.984180899509339513e-01 -1.007662941460165440e+00 -1.016968053503137792e+00 -1.026224226803625239e+00 -1.035436472514129846e+00 -1.044574957451585018e+00
-2.670554432653204913e-01 -2.618705380681642936e-01 -2.594366074713371217e-01 -2.597206737786266206e-01 -2.626152528999569080e-01 -2.679726709344676383e-01 -2.755915738304833829e-01 -2.852459783950187511e-01 -2.967152119146215794e-01 -3.097748356324798724e-01 -3.242190467727179559e-01 -3.398599402853890172e-01 -3.565368825513209883e-01 -3.741020940136787765e-01 -3.924276869907615262e-01 -4.114143720301171592e-01 -4.310026563927087939e-01 -4.510976776300475444e-01 -4.716385952949436189e-01 -4.925893677361876666e-01 -5.139078814868252021e-01 -5.355510643440184460e-01 -5.575093743208079378e-01 -5.797512220971948738e-01 -6.023030602809729128e-01 -6.250822807019761340e-01 -6.481591730627038750e-01 -6.714994433192491563e-01 -6.951141315441502488e-01 -7.190311971716004669e-01 -7.432622202467109584e-01 -7.678488728691470477e-01 -7.928457712487564368e-01 -8.183395009899886441e-01 -8.444722259841219714e-01 -8.714913153444480143e-01 -9.000141913303835173e-01 -9.333398563804052861e-01 -9.421536077285305177e-01 -9.510406300887475073e-01 -9.600254840195947548e-01 -9.690876177188054719e-01 -9.782173168588607082e-01 -9.874045852580626281e-01 -9.966399137789668794e-01 -1.005908538962742904e+00 -1.015176043435068065e+00 -1.024493667512352602e+00 -1.033781516598648809e+00 -1.043031131409212664e+00
-2.904998949310597656e-01 -2.853270444975217757e-01 -2.827631792210953954e-01 -2.827730774471555186e-01 -2.852550992593089196e-01 -2.900674678946386642e-01 -2.970494123610305515e-01 -3.060094685625839306e-01 -3.167513354762572231e-01 -3.290762543523297889e-01 -3.428006356756148065e-01 -3.577502757365992325e-01 -3.737735423727946982e-01 -3.907330047313859467e-01 -4.085090615508386591e-01 -4.269948082894319263e-01 -4.461358660201629744e-01 -4.658406770948136932e-01 -4.860130122233478067e-01 -5.066647995753265077e-01 -5.277290871423883090e-01 -5.491832285022530957e-01 -5.709638320380253651e-01 -5.930887221471108361e-01 -6.155651296490628477e-01 -6.383232464043133714e-01 -6.614188898248618553e-01 -6.848302689995767745e-01 -7.085815220231588274e-01 -7.326945958613207965e-01 -7.572040193766473859e-01 -7.821708022225281054e-01 -8.076824811797762571e-01 -8.338931539183326302e-01 -8.610622357293611362e-01 -8.898421912091465380e-01 -9.237201341492650153e-01 -9.322890505762768676e-01 -9.409940885937624344e-01 -9.498022964611412267e-01 -9.587051643667721113e-01 -9.676940027233068564e-01 -9.767598508833515991e-01 -9.858935043949424992e-01 -9.950851726027329924e-01 -1.004324709458645382e+00 -1.013608508074484993e+00 -1.022909253115022565e+00 -1.032223213216403312e+00 -1.041522479706053383e+00
-3.138741266934317320e-01 -3.087221570822389349e-01 -3.060738744923232613e-01 -3.058727915588242974e-01 -3.080009760531048357e-01 -3.123629940447708586e-01 -3.188185804275116553e-01 -3.271857652980030284e-01 -3.372968640865720014e-01 -3.489783659138261385e-01 -3.620625758261480920e-01 -3.763889416780480390e-01 -3.918115477307055339e-01 -4.082202982412625469e-01 -4.254973206774437244e-01 -4.435108014874741267e-01 -4.622198713703693507e-01 -4.815327426592632687e-01 -5.014015704698890907e-01 -5.217656451727477052e-01 -5.425654651804306949e-01 -5.638282219007648699e-01 -5.854738414753961617e-01 -6.075153782038231753e-01 -6.299076617058345651e-01 -6.526835337802709969e-01 -6.758268777217786294e-01 -6.993476582943267683e-01 -7.232829462476453308e-01 -7.476568099009348600e-01 -7.725330599226604145e-01 -7.980050274171225366e-01 -8.242318988270714852e-01 -8.514822405028419361e-01 -8.804634189125958299e-01 -9.147057674581134945e-01 -9.230794521104264128e-01 -9.315621966444038726e-01 -9.401629028976633551e-01 -9.488734925126252051e-01 -9.576858131184723399e-01 -9.665972237341614592e-01 -9.755509959822955546e-01 -9.846500445961299253e-01 -9.937851243997495310e-01 -1.002978636890088371e+00 -1.012221355849367566e+00 -1.021507028442173892e+00 -1.030814454482862130e+00 -1.040118440900948293e+00
-3.371742285859082866e-01 -3.320707588097394636e-01 -3.293573396783532337e-01 -3.289735565245064386e-01 -3.308350812288533005e-01 -3.348382316636977496e-01 -3.408348958544749063e-01 -3.486971165064810529e-01 -3.582660588478211450e-01 -3.693836710974468529e-01 -3.819028837429661039e-01 -3.956732643263027871e-01 -4.105655464996070814e-01 -4.264621567400875279e-01 -4.432542831588643928e-01 -4.608486749833621832e-01 -4.791569824845424153e-01 -4.981259323014668450e-01 -5.176947537747329520e-01 -5.377867478348660191e-01 -5.583944999225685102e-01 -5.794636552439328403e-01 -6.009950832854044078e-01 -6.229490015155051408e-01 -6.453280678409424320e-01 -6.681327115759511104e-01 -6.913611902299023892e-01 -7.150526230820224427e-01 -7.392307258520786073e-01 -7.639572460528514242e-01 -7.893311315615958446e-01 -8.155100240757330310e-01 -8.427957706620166078e-01 -8.718757870482383154e-01 -9.064725239463681250e-01 -9.145958248148878811e-01 -9.227867229472986876e-01 -9.311604312806274208e-01 -9.396511934299303093e-01 -9.482897208844293102e-01 -9.569726962451940988e-01 -9.657876922602369740e-01 -9.746919564737985819e-01 -9.836862063355197305e-01 -9.927533757902484712e-01 -1.001887783043254432e+00 -1.011080615769344160e+00 -1.020322700526322679e+00 -1.029605342383500988e+00 -1.038914130133752556e+00
-3.604300932859482165e-01 -3.553674292970152027e-01 -3.526158536438008251e-01 -3.520932433298581410e-01 -3.537321547631451235e-01 -3.574240122061465019e-01 -3.630530509593713484e-01 -3.704874612660165045e-01 -3.795915347674299056e-01 -3.902154047073118082e-01 -4.022401069919572247e-01 -4.155135782022321145e-01 -4.299509793824533022e-01 -4.453707380145326966e-01 -4.617371243709212925e-01 -4.789377564635779461e-01 -4.968963192158733500e-01 -5.155518545645276784e-01 -5.348274011863325406e-01 -5.547094478781263716e-01 -5.750954723641559241e-01 -5.960448857349458507e-01 -6.174716506856972043e-01 -6.393821162984990591e-01 -6.617756254173575714e-01 -6.846505002691467556e-01 -7.080275774587529991e-01 -7.319494718680424894e-01 -7.564670862464574208e-01 -7.816822553293080178e-01 -8.077584345025569101e-01 -8.350045861542938486e-01 -8.641312054056992098e-01 -8.989411913514970820e-01 -9.067621444466075209e-01 -9.147341629391166906e-01 -9.228591503893386339e-01 -9.310916488779250599e-01 -9.394469532811667856e-01 -9.479568659660296825e-01 -9.565584356639444952e-01 -9.652861205336864536e-01 -9.741024207139933333e-01 -9.830095465144811362e-01 -9.919996425762194203e-01 -1.001064722188542699e+00 -1.010196552269301495e+00 -1.019386569468714532e+00 -1.028625905798236762e+00 -1.037903782680970277e+00
-3.836409149076106528e-01 -3.786305503108038373e-01 -3.758483545084189137e-01 -3.752259757548012109e-01 -3.766830161702600099e-01 -3.801184244789209132e-01 -3.854356490341059871e-01 -3.925042600804791171e-01 -4.012217562177910479e-01 -4.114112644829420740e-01 -4.230076510360518682e-01 -4.358410140379156417e-01 -4.498369694338186786e-01 -4.648684628959819376e-01 -4.808660595689805972e-01 -4.977023136210495524e-01 -5.153544750002918562e-01 -5.337165293814798428e-01 -5.527691194426918031e-01 -5.724046032407169582e-01 -5.926764256471781511e-01 -6.135032643586946222e-01 -6.348702318927201826e-01 -6.567798186900615232e-01 -6.792308553447158337e-01 -7.022325622131569967e-01 -7.258344485090700848e-01 -7.500823955574955626e-01 -7.750783155381009148e-01 -8.009913254395710780e-01 -8.281391924001999527e-01 -8.572349646330634787e-01 -8.922064869685715216e-01 -8.997016057409310541e-01 -9.073916041318695891e-01 -9.152414807912866435e-01 -9.232008293899149898e-01 -9.313476780622604867e-01 -9.395918700970435911e-01 -9.479613126313828353e-01 -9.564733818104897978e-01 -9.651130352520042033e-01 -9.738120316752484351e-01 -9.826243264919077847e-01 -9.915299876401497681e-01 -1.000517396097969858e+00 -1.009578782544750197e+00 -1.018706212258483790e+00 -1.027891423088998613e+00 -1.037126008644996711e+00
-4.068155991693883644e-01 -4.018497271312915231e-01 -3.990556406483840579e-01 -3.983562890933562417e-01 -3.996703949372638620e-01 -4.029028171850062012e-01 -4.079547386493182493e-01 -4.147185301575818661e-01 -4.230816300818471820e-01 -4.329362815690898092e-01 -4.441366335330867443e-01 -4.566145914045406373e-01 -4.702217433180575501e-01 -4.849088742250420303e-01 -5.005644665709579888e-01 -5.170896488702819704e-01 -5.344635730119138284e-01 -5.526012699637492531e-01 -5.714216105077978280e-01 -5.909325600138152224e-01 -6.110618853370625159e-01 -6.318117611262039635e-01 -6.531666710442055601e-01 -6.751237385505631794e-01 -6.976858245228947375e-01 -7.209042560664603583e-01 -7.448212186005924718e-01 -7.695380808328021738e-01 -7.952286219591825356e-01 -8.222118559578155406e-01 -8.512500707602778105e-01 -8.862682711998723928e-01 -8.934650910409844826e-01 -9.008422341252377841e-01 -9.083508429826989694e-01 -9.160424002156470902e-01 -9.239106251608188991e-01 -9.318670050159741924e-01 -9.400216895501143366e-01 -9.483065402719892401e-01 -9.566794191576091233e-01 -9.651948178526248423e-01 -9.738124723177498110e-01 -9.825324909161182729e-01 -9.913476034663120107e-01 -1.000250515043477284e+00 -1.009233841487832573e+00 -1.018290037709183915e+00 -1.027411476182869432e+00 -1.036590121533645936e+00
-4.299340527779990651e-01 -4.250297336877149612e-01 -4.222441178994676969e-01 -4.214890888649012735e-01 -4.226899528430755337e-01 -4.257562976743460292e-01 -4.305940594282965939e-01 -4.371102644662314685e-01 -4.451923687174340616e-01 -4.547115052068466667e-01 -4.656023097047379267e-01 -4.777516402381210003e-01 -4.910527387715931669e-01 -5.054142348367745008e-01 -5.207854316443529807e-01 -5.370515325467417611e-01 -5.542060121888449098e-01 -5.720950613261482909e-01 -5.907908459105967180e-01 -6.101633630394482921e-01 -6.302211075915553629e-01 -6.509510198179374596e-01 -6.723462739349151951e-01 -6.944044039540270274e-01 -7.171749278816750284e-01 -7.406995465717158833e-01 -7.650777486031096197e-01 -7.904853685726108692e-01 -8.172453953101410651e-01 -8.461130468575009944e-01 -8.811289535579193144e-01 -8.879803061924843588e-01 -8.950196071784266572e-01 -9.022413448987227635e-01 -9.096360516462334012e-01 -9.171898494743667696e-01 -9.249041040093511912e-01 -9.327959554838824996e-01 -9.407543090809459274e-01 -9.489442156246336024e-01 -9.572349197468061899e-01 -9.656111928184136772e-01 -9.741152002819561950e-01 -9.827342494184121424e-01 -9.914179997809223766e-01 -1.000266398924787081e+00 -1.009165331261272947e+00 -1.018143262942700078e+00 -1.027192869373204198e+00 -1.036306815913149881e+00
-4.530293366028364521e-01 -4.481793740903308176e-01 -4.454076479774234931e-01 -4.446238983573231329e-01 -4.457493504397121997e-01 -4.486725587888845679e-01 -4.533358901830929488e-01 -4.596335618086290209e-01 -4.674693784793964579e-01 -4.767454649591809090e-01 -4.873612110574817580e-01 -4.992370704100504986e-01 -5.122737950318499989e-01 -5.263777650997774060e-01 -5.414902495564978269e-01 -5.575602803831984922e-01 -5.744794816007501304e-01 -5.922529721013393145e-01 -6.108051927951750892e-01 -6.301052138211968856e-01 -6.501424984434028831e-01 -6.709086028726440887e-01 -6.923978402924950704e-01 -7.146589233634165206e-01 -7.377301387038597280e-01 -7.617098025535720129e-01 -7.867742507530142149e-01 -8.132512215291336499e-01 -8.419153889013604175e-01 -8.768278748435396341e-01 -8.833238750534229133e-01 -8.900198936782255377e-01 -8.969083111730141722e-01 -9.039808228880626961e-01 -9.112303468077832536e-01 -9.186501014445015434e-01 -9.262261833606171280e-01 -9.339663297974939438e-01 -9.418515263372438939e-01 -9.498486343863425940e-01 -9.580244730639702055e-01 -9.663370002293887318e-01 -9.747061142584756421e-01 -9.832285393617847813e-01 -9.918479011334258022e-01 -1.000620217935643153e+00 -1.009374834717289282e+00 -1.018268587711391282e+00 -1.027239897652557410e+00 -1.036281605114574011e+00
-4.760917232984344105e-01 -4.713083097907393437e-01 -4.685654952427396047e-01 -4.677615676749276585e-01 -4.688223341811303957e-01 -4.716436438760031047e-01 -4.761689385496399862e-01 -4.822958583012881828e-01 -4.899418618981033480e-01 -4.990002996791227940e-01 -5.093960112160318410e-01 -5.210484889712794221e-01 -5.338475915021456686e-01 -5.477543757470345609e-01 -5.626718329145208308e-01 -5.785466463192104891e-01 -5.953349751725149908e-01 -6.129906889153962091e-01 -6.314648586518968321e-01 -6.507443789497922015e-01 -6.708174708507330664e-01 -6.916764413143926538e-01 -7.133652306026246892e-01 -7.359222652692190003e-01 -7.594440255819200347e-01 -7.841061301002362205e-01 -8.102400141569233716e-01 -8.386208121099907320e-01 -8.733737118107747222e-01 -8.794994262651147920e-01 -8.858361977899853468e-01 -8.923763613956656737e-01 -8.991122881244919540e-01 -9.060363660251017359e-01 -9.131410807847816224e-01 -9.204192018839649769e-01 -9.278689759455485131e-01 -9.354594535291189672e-01 -9.432098208615745660e-01 -9.511210674861030334e-01 -9.591565417931865456e-01 -9.673034648096521249e-01 -9.756148490452132283e-01 -9.840478610941908455e-01 -9.925288579319136995e-01 -1.001147476436141659e+00 -1.009864847216545902e+00 -1.018665981121468223e+00 -1.027554455902451203e+00 -1.036517966657795720e+00
-4.991286037759362082e-01 -4.944132407264261175e-01 -4.916906873192136151e-01 -4.908867602063685665e-01 -4.919148080194226669e-01 -4.946656820462406179e-01 -4.991007719831657141e-01 -5.050833420316087619e-01 -5.125777865851302018e-01 -5.214481655454742404e-01 -5.316728968714665715e-01 -5.431226703823144319e-01 -5.557639973475019257e-01 -5.694765011252677089e-01 -5.842636390795820089e-01 -6.000194962569597168e-01 -6.167091084144971092e-01 -6.342947099974829417e-01 -6.527546295660914266e-01 -6.720734115289117572e-01 -6.922399867628559189e-01 -7.132980218058334598e-01 -7.352818992528540321e-01 -7.582873141683020846e-01 -7.824888944102184052e-01 -8.082202490029315456e-01 -8.362563503654236730e-01 -8.707702708450071327e-01 -8.765148204476816973e-01 -8.824782050553492407e-01 -8.886558329067879569e-01 -8.950401387000492814e-01 -9.016235827754861543e-01 -9.083986134943041746e-01 -9.153574868855168800e-01 -9.224933946177202859e-01 -9.297986598222672816e-01 -9.372689890133054647e-01 -9.448930565656761260e-01 -9.526584228541290500e-01 -9.605771644033057610e-01 -9.686120154986145314e-01 -9.767704120481561780e-01 -9.850807381361037507e-01 -9.935284150316497920e-01 -1.002006273897448008e+00 -1.010627055493448223e+00 -1.019338207457707091e+00 -1.028137088913021691e+00 -1.037017139773173113e+00
-5.221213721126425344e-01 -5.174809741007183606e-01 -5.148090217503646926e-01 -5.140175614212535438e-01 -5.150199019178025583e-01 -5.177351753141097301e-01 -5.220791667204807140e-01 -5.279557451540852764e-01 -5.353575033981596842e-01 -5.441018575099729748e-01 -5.541778306637452634e-01 -5.655006103477051571e-01 -5.779835607590817492e-01 -5.915950600908254087e-01 -6.062843488246620893e-01 -6.219395317171872994e-01 -6.385818730222028172e-01 -6.561649838857011030e-01 -6.746707648716652184e-01 -6.940891616487310234e-01 -7.144576211326261195e-01 -7.358112075984016842e-01 -7.582432122044442391e-01 -7.819273874928852619e-01 -8.071980171232790990e-01 -8.348395643861336035e-01 -8.690353514202798779e-01 -8.743797118083656006e-01 -8.799563093452972273e-01 -8.857576739909849284e-01 -8.917835218567169431e-01 -8.979959465635412030e-01 -9.044352265274230307e-01 -9.110603341486414042e-01 -9.178731727776718863e-01 -9.248659520883917295e-01 -9.320316972812994205e-01 -9.393630208725701758e-01 -9.468536301249019793e-01 -9.544962888822996483e-01 -9.622810755897199808e-01 -9.702169298319028856e-01 -9.782644268919220565e-01 -9.864269239119749511e-01 -9.947372235986845501e-01 -1.003153276156820928e+00 -1.011674731249220915e+00 -1.020280760255315888e+00 -1.028987080246324348e+00 -1.037779261955556809e+00
-5.451210744867001079e-01 -5.405374541308782810e-01 -5.379148190116082029e-01 -5.371497825830993111e-01 -5.381569896018988386e-01 -5.408479163576552784e-01 -5.451466279479721955e-01 -5.509775874702074194e-01 -5.582580551335195596e-01 -5.669220576124307520e-01 -5.769098991959186185e-01 -5.881164865799154429e-01 -6.005221228787342991e-01 -6.140705037173270764e-01 -6.286620551020352110e-01 -6.443083751530380709e-01 -6.609617766017577001e-01 -6.786005089391335954e-01 -6.972145784538408275e-01 -7.168405251242311316e-01 -7.375085311129692123e-01 -7.593119190054605783e-01 -7.824232540643194511e-01 -8.071762754427849185e-01 -8.343586626168589815e-01 -8.681651153494147621e-01 -8.731003790986663349e-01 -8.782779180286987009e-01 -8.836903082186944314e-01 -8.893439985768152312e-01 -8.952098460043690364e-01 -9.012653107742987224e-01 -9.075400341496311363e-01 -9.140111023089156905e-01 -9.206930970369964218e-01 -9.275304286016418098e-01 -9.345559610520868254e-01 -9.417511066375965356e-01 -9.491071103092912908e-01 -9.566163208761326864e-01 -9.642769475544815672e-01 -9.720768504649582864e-01 -9.800149250040870452e-01 -9.880774253878238378e-01 -9.962691510877408341e-01 -1.004559983165294490e+00 -1.012982359559191137e+00 -1.021494645979692306e+00 -1.030102790364894272e+00 -1.038803302717294264e+00
-5.680597383863490446e-01 -5.635669868390966730e-01 -5.610103515541393637e-01 -5.602895531066620638e-01 -5.613150364908966461e-01 -5.640049708054279964e-01 -5.682737835091778988e-01 -5.740793686150762465e-01 -5.813120997077021457e-01 -5.899125986226393392e-01 -5.998315320286030650e-01 -6.110063645373519092e-01 -6.233450917343525965e-01 -6.368461515209344892e-01 -6.514510845466769950e-01 -6.671252692359137537e-01 -6.838463277335981028e-01 -7.016087687508887338e-01 -7.204383710892010573e-01 -7.403683757381553932e-01 -7.614902277053278157e-01 -7.839750907897553578e-01 -8.081550961840064939e-01 -8.348179760453483533e-01 -8.681651153491853901e-01 -8.726805404178056280e-01 -8.774477876873404414e-01 -8.824596027843747414e-01 -8.877090549948547515e-01 -8.931881195169384391e-01 -8.988891998183073939e-01 -9.048063308754732414e-01 -9.109263586795481871e-01 -9.172590192719783930e-01 -9.237771025185383955e-01 -9.304794997599723505e-01 -9.373661992043100799e-01 -9.444215499897444799e-01 -9.516430824376578279e-01 -9.590230233684893246e-01 -9.665521896792534928e-01 -9.742280430556753412e-01 -9.820469735999218797e-01 -9.899810949788753200e-01 -9.980576867459899360e-01 -1.006255667294406075e+00 -1.014561308597265343e+00 -1.022975603729107119e+00 -1.031478840056416768e+00 -1.040087434554494816e+00
-5.910019881874302161e-01 -5.865804599390366247e-01 -5.840973390786662334e-01 -5.834328125378718255e-01 -5.844939014296292035e-01 -5.872045659364065751e-01 -5.914912480225493763e-01 -5.972737017269063031e-01 -6.044826778757723673e-01 -6.130502405794320264e-01 -6.229594826903497307e-01 -6.341093020128678592e-01 -6.464630121782621863e-01 -6.599816767563317921e-01 -6.746315571985374016e-01 -6.903877397225590684e-01 -7.072539132491766356e-01 -7.252392536253298161e-01 -7.443819314181672198e-01 -7.647715493747246907e-01 -7.865783155773444779e-01 -8.101316924946470044e-01 -8.362131625016276937e-01 -8.690353514204257612e-01 -8.731214204827912884e-01 -8.774683041111085435e-01 -8.820690257752599184e-01 -8.869168513940035581e-01 -8.920035887251929196e-01 -8.973020738003221197e-01 -9.028573283957910256e-01 -9.086291813645093196e-01 -9.146014648208953268e-01 -9.207714715231398728e-01 -9.271492247359770511e-01 -9.337099191349120808e-01 -9.404529850134879521e-01 -9.473709994796734035e-01 -9.544571528332569388e-01 -9.617047352991758835e-01 -9.691068855320011943e-01 -9.766574687966729229e-01 -9.843495014338311533e-01 -9.921688058138959931e-01 -1.000132843051636744e+00 -1.008205574010018868e+00 -1.016407577854412159e+00 -1.024707717007645069e+00 -1.033121479915591889e+00 -1.041629781433708546e+00
-6.139113325103192631e-01 -6.095818350079300618e-01 -6.071762536615115113e-01 -6.065770615835555102e-01 -6.076955035028074326e-01 -6.104473766840640137e-01 -6.147662395570849814e-01 -6.205745847294322770e-01 -6.278013340329893222e-01 -6.363703727976020019e-01 -6.462923122522864494e-01 -6.574691812087198883e-01 -6.698670467536577133e-01 -6.834542351182877340e-01 -6.982095712459649439e-01 -7.141328845588219565e-01 -7.312279004039623498e-01 -7.495369340881967712e-01 -7.691465221059077262e-01 -7.902252939323575198e-01 -8.131000866555728734e-01 -8.385562797238451660e-01 -8.707702708450028029e-01 -8.744217279781721919e-01 -8.783394645925742816e-01 -8.825197264971718081e-01 -8.869560194917409657e-01 -8.916402322123013757e-01 -8.965663491400336360e-01 -9.017268413580081798e-01 -9.071129293416053674e-01 -9.127196228765699360e-01 -9.185427087818101022e-01 -9.245695541917889893e-01 -9.307972833206329399e-01 -9.372113937956262353e-01 -9.438128559247640492e-01 -9.505921528806815513e-01 -9.575423579731886514e-01 -9.646570668939808968e-01 -9.719293675808500232e-01 -9.793528207141064534e-01 -9.869209831206743333e-01 -9.946274641655629134e-01 -1.002470911908091233e+00 -1.010430478825929068e+00 -1.018511264962419061e+00 -1.026709612924013193e+00 -1.035022100774386722e+00 -1.043429154090138589e+00
-6.368120134992101278e-01 -6.325627785006300297e-01 -6.302437219337735375e-01 -6.297297319677137573e-01 -6.309183432858200824e-01 -6.337377339434432377e-01 -6.381148193685174386e-01 -6.439415470287541687e-01 -6.512324216688052392e-01 -6.598625402293865072e-01 -6.698299937202668586e-01 -6.810742038785713159e-01 -6.935646879215634497e-01 -7.072850311998987172e-01 -7.222222713882158196e-01 -7.383860258114115505e-01 -7.558177987719941759e-01 -7.746028967182403413e-01 -7.949053595947841444e-01 -8.170521180706253883e-01 -8.418292915309694147e-01 -8.733737118108793052e-01 -8.765776774837052976e-01 -8.800586598901782853e-01 -8.838103361481683962e-01 -8.878259770629636227e-01 -8.920992935817492198e-01 -8.966224945036145311e-01 -9.013926429314025324e-01 -9.063922801175863242e-01 -9.116258699096779772e-01 -9.170792225641356543e-01 -9.227488387117672719e-01 -9.286412016745113629e-01 -9.346896148806111970e-01 -9.409780286798798965e-01 -9.474472671061714424e-01 -9.540711955006072609e-01 -9.608927598227687827e-01 -9.678739868750656505e-01 -9.750157006014299466e-01 -9.823114298276164336e-01 -9.897547909567104840e-01 -9.973394866284379656e-01 -1.005059263885658138e+00 -1.012908006234993774e+00 -1.020892206322083995e+00 -1.028962593267408021e+00 -1.037171927679049421e+00 -1.045473150763989167e+00
-6.596523177061797139e-01 -6.555265002406065467e-01 -6.533071964398280418e-01 -6.528845035486701143e-01 -6.541649935232294322e-01 -6.570429045146164437e-01 -6.615100080324651799e-01 -6.674244785917289313e-01 -6.747913458230511141e-01 -6.835101975156271381e-01 -6.935723481876867602e-01 -7.049386673644969514e-01 -7.175837026095948090e-01 -7.314977959657230633e-01 -7.466928261277624435e-01 -7.632068585470335176e-01 -7.811249652041069025e-01 -8.006059839994723593e-01 -8.219766881079801912e-01 -8.460072770263196151e-01 -8.768278748436613146e-01 -8.795829222145594706e-01 -8.826210002451293501e-01 -8.859241353397303564e-01 -8.895337114860842886e-01 -8.933789958952103039e-01 -8.974908991356824739e-01 -9.018683574898295197e-01 -9.064639650388679470e-01 -9.113107337085794013e-01 -9.163980240199673943e-01 -9.216916859868066192e-01 -9.272112230848873482e-01 -9.329408478851507480e-01 -9.388737478236754974e-01 -9.449782170646332524e-01 -9.513216179976713427e-01 -9.578061787985904241e-01 -9.645017305172511879e-01 -9.713493415903824424e-01 -9.783600872269040405e-01 -9.855275548509386807e-01 -9.928454216988182868e-01 -1.000307455520677014e+00 -1.007907503570387941e+00 -1.015639463349044647e+00 -1.023497368792767315e+00 -1.031475344825772300e+00 -1.039586281774029342e+00 -1.047771149805141855e+00
-6.825127155408204915e-01 -6.784667786867994987e-01 -6.763555584489218120e-01 -6.760428390698899337e-01 -6.774482003026525145e-01 -6.804371674270206505e-01 -6.849776171099929423e-01 -6.910116409704739615e-01 -6.984795945154936847e-01 -7.073322105733994558e-01 -7.175386624071675712e-01 -7.290759100968853268e-01 -7.419350828509889695e-01 -7.561251541737585846e-01 -7.716846614404884175e-01 -7.886941902402703208e-01 -8.073124862728600082e-01 -8.278633423075152376e-01 -8.511061004203989144e-01 -8.811289535577260246e-01 -8.834278105777547685e-01 -8.860233921549636182e-01 -8.888941922933193407e-01 -8.920397967260019767e-01 -8.954799433324294178e-01 -8.991689933836873871e-01 -9.031034321397855003e-01 -9.073383141149964359e-01 -9.117827212682770854e-01 -9.164843854361492959e-01 -9.214008970854516978e-01 -9.265523073170890411e-01 -9.319280841809125526e-01 -9.375052783588835315e-01 -9.432931197496157161e-01 -9.492795036932905051e-01 -9.554576880011643736e-01 -9.618210356321064136e-01 -9.683629404356656201e-01 -9.750768917713152906e-01 -9.819564741495698801e-01 -9.889953385943935915e-01 -9.961872208894115843e-01 -1.003525940037001130e+00 -1.011005445586328211e+00 -1.018619744116184833e+00 -1.026362024797781825e+00 -1.034228654610651610e+00 -1.042211908304562673e+00 -1.050299322674072888e+00
-7.053213281830945647e-01 -7.013933848809301708e-01 -6.993944595216984306e-01 -6.992089625163731004e-01 -7.007250922284852246e-01 -7.038558812433506340e-01 -7.085374640463039109e-01 -7.147045130379761080e-01 -7.223156731421258581e-01 -7.313342581070196857e-01 -7.417352395649053909e-01 -7.535073946513637377e-01 -7.666598044113271948e-01 -7.812280907290656273e-01 -7.972907203504446816e-01 -8.150051264116541239e-01 -8.346872887984045919e-01 -8.570885438871220785e-01 -8.862682711998677298e-01 -8.881040530716552972e-01 -8.902420603849037217e-01 -8.926727333634547623e-01 -8.953882897418927733e-01 -8.983801173768142245e-01 -9.016617059341741625e-01 -9.051890776240326675e-01 -9.090010159161603376e-01 -9.130336373349782209e-01 -9.173283131098370902e-01 -9.218769034173414090e-01 -9.266522798742320433e-01 -9.316636415608209321e-01 -9.368822971564366719e-01 -9.422976006876577770e-01 -9.479561855804475856e-01 -9.538003837397783791e-01 -9.598345365216618408e-01 -9.660637460032198698e-01 -9.724699037710188287e-01 -9.790503330080447819e-01 -9.857987371259239184e-01 -9.927088345708141581e-01 -9.997744422641798856e-01 -1.006989280141308507e+00 -1.014349534544470188e+00 -1.021842251495146181e+00 -1.029470675500130161e+00 -1.037223692288267829e+00 -1.045096705485641930e+00 -1.053084087613771924e+00
-7.280924638267131099e-01 -7.242545587618113290e-01 -7.224298762378595917e-01 -7.223752086452448484e-01 -7.240409428335505826e-01 -7.273218808547357028e-01 -7.321601636852244077e-01 -7.384997363489509414e-01 -7.463003148919682417e-01 -7.555342472568757906e-01 -7.661890756853226847e-01 -7.782705605490185530e-01 -7.918125016090077350e-01 -8.068939564389634445e-01 -8.236690386741356562e-01 -8.424413174855884812e-01 -8.639642041962043439e-01 -8.922064869686476829e-01 -8.936094331804634860e-01 -8.952802437114120160e-01 -8.972614786645364271e-01 -8.995350666296093589e-01 -9.020943975334819731e-01 -9.049337782922409756e-01 -9.080472274340751770e-01 -9.114286980826699081e-01 -9.150722716175481164e-01 -9.189513841735863497e-01 -9.231175330024136150e-01 -9.275080132599521354e-01 -9.321331690035327133e-01 -9.369867315911173389e-01 -9.420327994688412199e-01 -9.473551385820193627e-01 -9.528557722627744031e-01 -9.585587026956040591e-01 -9.644573964134360855e-01 -9.705455850725510647e-01 -9.768148533379881204e-01 -9.832633119353626494e-01 -9.898806774246913243e-01 -9.966620414752340729e-01 -1.003601412326456943e+00 -1.010691311219411803e+00 -1.017928980513012061e+00 -1.025305503955802111e+00 -1.032816252281909097e+00 -1.040455404162322406e+00 -1.048217291960028996e+00 -1.056095843136605650e+00
-7.508174352246833605e-01 -7.471240418486183588e-01 -7.454071810949227661e-01 -7.455390570399080818e-01 -7.473716924270441542e-01 -7.508345450828708412e-01 -7.558641148633027385e-01 -7.624126646228215343e-01 -7.704475177789814611e-01 -7.799519661107754409e-01 -7.909306727544107574e-01 -8.034148180039906162e-01 -8.174779704154743198e-01 -8.332751594641845116e-01 -8.510911705551625905e-01 -8.716895726922426757e-01 -8.989411913514770980e-01 -8.998640241586878252e-01 -9.011421680508988619e-01 -9.026485982190217694e-01 -9.044765585738460123e-01 -9.065971767777218915e-01 -9.090036882008902808e-01 -9.116904282759674683e-01 -9.146516525921661867e-01 -9.178850611955571281e-01 -9.213735280177557385e-01 -9.251202444202988318e-01 -9.291110545794425413e-01 -9.333609421888049429e-01 -9.378384622637392365e-01 -9.425353855041743723e-01 -9.474776281502542696e-01 -9.526259593800011638e-01 -9.579847315117164808e-01 -9.635474577425556797e-01 -9.693076890112743982e-01 -9.752589764654493454e-01 -9.813949994401260923e-01 -9.877094178629295396e-01 -9.941959903334074422e-01 -1.000849046411023568e+00 -1.007661564450461622e+00 -1.014628398858078651e+00 -1.021743329210174522e+00 -1.029000520155579856e+00 -1.036394246460407675e+00 -1.043918896305141786e+00 -1.051568815237367227e+00 -1.059338318959360148e+00
-7.734845594561878812e-01 -7.699219954369992402e-01 -7.683945617282759155e-01 -7.686943926351106349e-01 -7.707263991908674949e-01 -7.743931250749831463e-01 -7.796495879462608247e-01 -7.864499906167572441e-01 -7.947722564341315188e-01 -8.046157655009681386e-01 -8.160069373704355034e-01 -8.290204953484191508e-01 -8.438027823435717556e-01 -8.606341924478655425e-01 -8.802580248613791625e-01 -9.064725239463705675e-01 -9.069490432981948125e-01 -9.077195672110652813e-01 -9.088121708667370457e-01 -9.102186281315999272e-01 -9.118858688404646307e-01 -9.138502466027632609e-01 -9.161073108285776589e-01 -9.186448157026418926e-01 -9.214569757811642559e-01 -9.245390859837254727e-01 -9.278817386867735939e-01 -9.314820111357050569e-01 -9.353326546494904470e-01 -9.394273316297081511e-01 -9.437596191129078438e-01 -9.483230816588519296e-01 -9.531112490471247423e-01 -9.581176834666935704e-01 -9.633359577375013583e-01 -9.687596849433268709e-01 -9.743824645380338989e-01 -9.801980216164092319e-01 -9.862000997736194430e-01 -9.923821872205671468e-01 -9.987387869743912239e-01 -1.005263254622719815e+00 -1.011949751503806727e+00 -1.018792463481100086e+00 -1.025785479131811284e+00 -1.032923009792334312e+00 -1.040199366194300756e+00 -1.047609048229995121e+00 -1.055146163103950707e+00 -1.062805937796780231e+00
-7.960779129727650893e-01 -7.926920270641968358e-01 -7.913171031144887735e-01 -7.918355769656998389e-01 -7.941009655122202027e-01 -7.979991092574334477e-01 -8.035228474595250692e-01 -8.106250045301892637e-01 -8.192981924985845987e-01 -8.295647109937683839e-01 -8.414936720098049605e-01 -8.552289176086542710e-01 -8.710230654454315102e-01 -8.896194023122498962e-01 -9.147057674581140496e-01 -9.147466291047321452e-01 -9.151106369725496847e-01 -9.157254395531823077e-01 -9.166813901148467281e-01 -9.179226271677425331e-01 -9.194801067897340197e-01 -9.212972358829024655e-01 -9.233972134526781117e-01 -9.257888060574990252e-01 -9.284547773559463923e-01 -9.313887279010790721e-01 -9.345695029875517035e-01 -9.380434115351250490e-01 -9.417494202689012939e-01 -9.457000644748043694e-01 -9.498890727595478145e-01 -9.543101366028017285e-01 -9.589569178765172675e-01 -9.638231095110029178e-01 -9.689023826218985391e-01 -9.741884019282498475e-01 -9.796749669589162046e-01 -9.853558801449247007e-01 -9.912246027668173420e-01 -9.972753484280361125e-01 -1.003502301567703370e+00 -1.009898969418705494e+00 -1.016459649669406273e+00 -1.023178473303278935e+00 -1.030049652253636649e+00 -1.037067467817434308e+00 -1.044226271997014566e+00 -1.051520654529984888e+00 -1.058944832737759967e+00 -1.066493907205119607e+00
-8.185839100769395360e-01 -8.153608899747611938e-01 -8.142133081237208359e-01 -8.149609244085471715e-01 -8.174551165586325663e-01 -8.216550364856576305e-01 -8.274906424041477138e-01 -8.349542065936594870e-01 -8.440576226555981387e-01 -8.548612867545679617e-01 -8.674971469178304195e-01 -8.822242730700103897e-01 -8.997750278619811581e-01 -9.237201341492615736e-01 -9.232952060267889394e-01 -9.231868696022453857e-01 -9.233876536863263595e-01 -9.238927591486703061e-01 -9.246951640936693639e-01 -9.258126868709245505e-01 -9.272009520544820527e-01 -9.289167122598123161e-01 -9.308524421123889336e-01 -9.331139521780135171e-01 -9.356383099507298295e-01 -9.384319933516154233e-01 -9.414857357265433713e-01 -9.447983946362763508e-01 -9.483702560513719293e-01 -9.522005691117900739e-01 -9.562193743392587431e-01 -9.604867055842509771e-01 -9.650076795971705979e-01 -9.697350888254592238e-01 -9.746769302238251775e-01 -9.798267521568677640e-01 -9.851784385257035259e-01 -9.907255728283091978e-01 -9.964621872379733070e-01 -1.002382672237243533e+00 -1.008480535040026327e+00 -1.014750029933028763e+00 -1.021185309216487536e+00 -1.027780588507289261e+00 -1.034530147057586058e+00 -1.041428326927675396e+00 -1.048469551195271965e+00 -1.055648465069196185e+00 -1.062959428090502367e+00 -1.070397393532537711e+00
-8.409573551478481956e-01 -8.379232941372476429e-01 -8.370418654524338642e-01 -8.380238627068592461e-01 -8.408228805237683012e-01 -8.453453936422092863e-01 -8.515526300857360065e-01 -8.594634925126313219e-01 -8.690872708978164551e-01 -8.806157659446103292e-01 -8.942509861452863085e-01 -9.106532625427574690e-01 -9.333398563804051751e-01 -9.325206369561257480e-01 -9.319965143809025854e-01 -9.317711387925204924e-01 -9.318421688140798853e-01 -9.322119131122429403e-01 -9.328542403018532658e-01 -9.338532680882223325e-01 -9.351037093124126010e-01 -9.366575203678531025e-01 -9.385039158398882364e-01 -9.406041148694419540e-01 -9.429986018410345672e-01 -9.456493354873380941e-01 -9.485658816851638697e-01 -9.517390683860428302e-01 -9.551635851865931670e-01 -9.588308565577425835e-01 -9.627428145231322620e-01 -9.668854904073429513e-01 -9.712560848171509775e-01 -9.758464796922595719e-01 -9.806526483685001905e-01 -9.856678793973552288e-01 -9.908857553844706567e-01 -9.963005488262061116e-01 -1.001906615371616960e+00 -1.007697393932100338e+00 -1.013667221508609995e+00 -1.019810265222885981e+00 -1.026120746532387162e+00 -1.032592957587328719e+00 -1.039221244027858315e+00 -1.046000013146850538e+00 -1.052923762707823396e+00 -1.059987191410438401e+00 -1.067184765678714342e+00 -1.074517412769005587e+00
-8.631513398844539164e-01 -8.603530234794609655e-01 -8.597302100850460205e-01 -8.610494461781801334e-01 -8.641809941254032790e-01 -8.690817770992388391e-01 -8.757380087624700993e-01 -8.841678399099643926e-01 -8.944882251542269902e-01 -9.069874840213950629e-01 -9.222356193569263283e-01 -9.436028259828361797e-01 -9.424031594534973966e-01 -9.414572922808676081e-01 -9.408169445310274881e-01 -9.404717714296957354e-01 -9.404236297008352619e-01 -9.406856313468822117e-01 -9.412186188362432482e-01 -9.420561667526470284e-01 -9.431773836487062912e-01 -9.445802669969043386e-01 -9.462841268527799610e-01 -9.482759502185494904e-01 -9.505184895355334174e-01 -9.530414222626559795e-01 -9.558211112608946403e-01 -9.588578220914505401e-01 -9.621457353147147007e-01 -9.656791966917643855e-01 -9.694523090446274249e-01 -9.734591613368982488e-01 -9.776938092761893184e-01 -9.821502784344854353e-01 -9.868225789880564758e-01 -9.917045938504310820e-01 -9.967906236038650558e-01 -1.002074857658383999e+00 -1.007550988545363957e+00 -1.013213347827530697e+00 -1.019056128292700203e+00 -1.025073572747849049e+00 -1.031259984466712742e+00 -1.037609730149493537e+00 -1.044117218016247017e+00 -1.050776933207944630e+00 -1.057583453179298250e+00 -1.064531509799889530e+00 -1.071616094301115485e+00 -1.078830648941896619e+00
-8.851234418424163142e-01 -8.826167442970809240e-01 -8.822926136716982004e-01 -8.839345346309861462e-01 -8.874736569546453069e-01 -8.928254892986516866e-01 -9.000176499483130144e-01 -9.091637836483226209e-01 -9.204247790870098145e-01 -9.344533676623617557e-01 -9.544132826410016701e-01 -9.528402903114420175e-01 -9.515295418561050544e-01 -9.504954037532500344e-01 -9.497468022891373263e-01 -9.492889598218154923e-01 -9.491244715180505720e-01 -9.492539528852821373e-01 -9.496782535879519926e-01 -9.503919568381469229e-01 -9.513652902729898830e-01 -9.526999800727986578e-01 -9.542394751702915068e-01 -9.560747490773597868e-01 -9.582110363765556915e-01 -9.605922330785476859e-01 -9.632437435837120088e-01 -9.661469862242748619e-01 -9.693012879560829465e-01 -9.727010318884548035e-01 -9.763405124772567278e-01 -9.802139629760587836e-01 -9.843155676793051700e-01 -9.886394751782675572e-01 -9.931797670570319259e-01 -9.979307562400465681e-01 -1.002886592131079890e+00 -1.008041251494897761e+00 -1.013389049540531328e+00 -1.018924225556053331e+00 -1.024641057394302779e+00 -1.030533875089432172e+00 -1.036597065654980776e+00 -1.042825064803491797e+00 -1.049212350538546890e+00 -1.055753492303679764e+00 -1.062443166243707493e+00 -1.069276054939680920e+00 -1.076246817340035244e+00 -1.083350516024079502e+00
-9.067669643129157020e-01 -9.045970238390769191e-01 -9.046445839052095206e-01 -9.067080809576729683e-01 -9.106931218285816421e-01 -9.165825967568417276e-01 -9.244429358028813937e-01 -9.344763499736448153e-01 -9.472234417900414760e-01 -9.656349459923520007e-01 -9.637952455753238112e-01 -9.621480356079866736e-01 -9.607521541613164295e-01 -9.596247487190915360e-01 -9.587763546079099974e-01 -9.582133835409554212e-01 -9.579393311207926587e-01 -9.579555191348629872e-01 -9.582616909424156448e-01 -9.588827411377538468e-01 -9.597675765111083335e-01 -9.609024659273236457e-01 -9.623434203545028209e-01 -9.640580397634839205e-01 -9.660275920250382953e-01 -9.683071725931804430e-01 -9.708262163673626599e-01 -9.735992298089166663e-01 -9.766228891952489777e-01 -9.798917485381634096e-01 -9.834002611392074211e-01 -9.871428057764077835e-01 -9.911137055844018162e-01 -9.953072532306072029e-01 -9.997179273133572908e-01 -1.004339488057075291e+00 -1.009166601399962726e+00 -1.014193489152497296e+00 -1.019414431159644696e+00 -1.024823761400642574e+00 -1.030415854233644568e+00 -1.036185130502249807e+00 -1.042126057249329607e+00 -1.048233135603780397e+00 -1.054500935722588073e+00 -1.060924120618831124e+00 -1.067497438380256014e+00 -1.074215576303474196e+00 -1.081073298865378618e+00 -1.088065612524310000e+00
-9.279083139673114378e-01 -9.261814331426345692e-01 -9.266788423201989255e-01 -9.292256806097752841e-01 -9.337554019804199523e-01 -9.402998216994215008e-01 -9.490292752098679063e-01 -9.603998169382257366e-01 -9.771874344106526999e-01 -9.751353617559216369e-01 -9.732295154928000125e-01 -9.715138458505732100e-01 -9.700450962710667202e-01 -9.688349420669670753e-01 -9.678958128745338563e-01 -9.672357009190952759e-01 -9.668592166708253055e-01 -9.667685816392581621e-01 -9.669642029379187376e-01 -9.674451840271718339e-01 -9.682186110692663217e-01 -9.692701925440599942e-01 -9.705739877442278729e-01 -9.722071153454638903e-01 -9.740409346136700286e-01 -9.761726020552803362e-01 -9.785561172320251799e-01 -9.812071757121141324e-01 -9.841032910440697945e-01 -9.872441867116779068e-01 -9.906244813660781690e-01 -9.942387138632203802e-01 -9.980813758370911115e-01 -1.002147146535361077e+00 -1.006429587517515545e+00 -1.010923944859219992e+00 -1.015624344829423542e+00 -1.020525165013135727e+00 -1.025620818866946449e+00 -1.030905744167252891e+00 -1.036374413281313744e+00 -1.042021334920568698e+00 -1.047841048987419033e+00 -1.053828147464202392e+00 -1.059977303298813123e+00 -1.066283260410964662e+00 -1.072740772512939866e+00 -1.079344577701147889e+00 -1.086089674273477801e+00 -1.092970869145483581e+00
-9.482406401840320909e-01 -9.471523415929057332e-01 -9.482399354979588191e-01 -9.513235367719058422e-01 -9.564943821209346275e-01 -9.638735208362518847e-01 -9.738223334347415605e-01 -9.887092948001785508e-01 -9.866378822283591310e-01 -9.846034444836250232e-01 -9.826948898909889651e-01 -9.809282000463401818e-01 -9.793967902344968834e-01 -9.781153139089073800e-01 -9.770952710637720307e-01 -9.763464928827145783e-01 -9.758751258812982110e-01 -9.756844506711629395e-01 -9.758152317283015353e-01 -9.761486287438088105e-01 -9.768018579582756766e-01 -9.777498007653874224e-01 -9.789374625817830466e-01 -9.804148750222779762e-01 -9.821558294276446777e-01 -9.841683559927031366e-01 -9.864410223845111458e-01 -9.889635716012868949e-01 -9.917353513835164280e-01 -9.947512911331896079e-01 -9.980062041476202017e-01 -1.001494795046956598e+00 -1.005211604863751829e+00 -1.009151278307951261e+00 -1.013308645171422606e+00 -1.017677795148058895e+00 -1.022253383425506756e+00 -1.027029932264672762e+00 -1.032001964431232599e+00 -1.037164023004366609e+00 -1.042510674658569725e+00 -1.048036513153171922e+00 -1.053736173927878994e+00 -1.059604358129226043e+00 -1.065635816627532595e+00 -1.071825346200187878e+00 -1.078167729823370280e+00 -1.084657777433935655e+00 -1.091290757329248962e+00 -1.098061173427536730e+00
-9.669595401712630656e-01 -9.669531754967810588e-01 -9.687764981582754897e-01 -9.726239551612506640e-01 -9.785768508096973628e-01 -9.869348331591808465e-01 -9.992344943294405590e-01 -9.979275804419691642e-01 -9.960606938626882512e-01 -9.940572747079275961e-01 -9.920936819587730104e-01 -9.903504539572883791e-01 -9.887952403902475762e-01 -9.874549692680506530e-01 -9.863645190253091943e-01 -9.855362610137716750e-01 -9.849780191453652023e-01 -9.846944310499290420e-01 -9.846877737011738851e-01 -9.849968471227946720e-01 -9.855060372976118810e-01 -9.863260101752490128e-01 -9.874435028095730482e-01 -9.887741358313024698e-01 -9.904166563642298193e-01 -9.923039088159184562e-01 -9.944535410980288592e-01 -9.968231683541346477e-01 -9.995119883023896312e-01 -1.002406102513197172e+00 -1.005538559210862104e+00 -1.008904169619148528e+00 -1.012497876854168810e+00 -1.016314555290502408e+00 -1.020348495380460019e+00 -1.024594555937106799e+00 -1.029047352292815187e+00 -1.033701515191850717e+00 -1.038551679203204348e+00 -1.043592489761216102e+00 -1.048818614410007566e+00 -1.054224748584581706e+00 -1.059805637621976215e+00 -1.065556068314290616e+00 -1.071470861603202707e+00 -1.077544844422199333e+00 -1.083772925084624639e+00 -1.090150072339433507e+00 -1.096671275054672101e+00 -1.103331358980616406e+00
-9.746597157553186230e-01 -9.797277779566128109e-01 -9.848513120975331825e-01 -9.898638950665286096e-01 -9.949316071239389103e-01 -9.999999720044810969e-01 -1.005072222150996231e+00 -1.006903749702095396e+00 -1.005326864348591309e+00 -1.003464578722252698e+00 -1.001584115392756935e+00 -9.998136999877043074e-01 -9.982426477529017239e-01 -9.968423002057460458e-01 -9.956931939527312592e-01 -9.947953024106654940e-01 -9.941587139286767183e-01 -9.937898029645857445e-01 -9.936920155601303151e-01 -9.938668328237599825e-01 -9.943142243505278532e-01 -9.950330366823613160e-01 -9.960265881959287082e-01 -9.973161987151732966e-01 -9.987824858774555503e-01 -1.000570731193232143e+00 -1.002627173728867893e+00 -1.004893317332046454e+00 -1.007428408981827284e+00 -1.010201726603143779e+00 -1.013214789573316121e+00 -1.016460833622826909e+00 -1.019933573981963049e+00 -1.023629511654736257e+00 -1.027542614907701157e+00 -1.031667837279202526e+00 -1.035999947631302653e+00 -1.040533692256934817e+00 -1.045263822640305706e+00 -1.050185097993702188e+00 -1.055292292257475895e+00 -1.060580213356905777e+00 -1.066043705832183441e+00 -1.071677618680220601e+00 -1.077476827476860466e+00 -1.083436235414040771e+00 -1.089550898585545768e+00 -1.095815901927591041e+00 -1.102226062336400636e+00 -1.108776558861381378e+00
-9.797271572938227591e-01 -9.847995998400324025e-01 -9.898826312433079977e-01 -9.949319443295927545e-01 -9.999989673403328894e-01 -1.005068056955282119e+00 -1.010136145177561007e+00 -1.015187923695196393e+00 -1.014445388647054580e+00 -1.012797376971442898e+00 -1.011015084639328432e+00 -1.009279285152901329e+00 -1.007672291928889852e+00 -1.006262438278395122e+00 -1.005070429595595005e+00 -1.004113539842878433e+00 -1.003407928825752915e+00 -1.002961721598744971e+00 -1.002779991961948447e+00 -1.002865300558927641e+00 -1.003221409322357260e+00 -1.003840668950139792e+00 -1.004725774765212520e+00 -1.005865961975690448e+00 -1.007284366160078992e+00 -1.008945157848335938e+00 -1.010880153464553954e+00 -1.013047675683335314e+00 -1.015482762454020138e+00 -1.018131401859117657e+00 -1.021028104970023387e+00 -1.024158814808194817e+00 -1.027512284075038140e+00 -1.031089931183570618e+00 -1.034884635228153105e+00 -1.038891347288260159e+00 -1.043104951696720128e+00 -1.047520327369472204e+00 -1.052132350252376725e+00 -1.056935896100561267e+00 -1.061925863737789966e+00 -1.067097166229827865e+00 -1.072444671944293049e+00 -1.077963339547957089e+00 -1.083648160464193655e+00 -1.089494153376840302e+00 -1.095496480143797857e+00 -1.101650015051007570e+00 -1.107949784628600609e+00 -1.114392206731604995e+00
-9.847958918566440678e-01 -9.898642047146294365e-01 -9.949321180778215590e-01 -9.999999328204752791e-01 -1.005068746729135931e+00 -1.010134286034540363e+00 -1.015204148836110098e+00 -1.020272215997797938e+00 -1.023272259695854558e+00 -1.022024324589727362e+00 -1.020412498834081472e+00 -1.018734111986030921e+00 -1.017135416529522773e+00 -1.015714264697698432e+00 -1.014484480856576720e+00 -1.013480755832502300e+00 -1.012716016269807673e+00 -1.012201227470616915e+00 -1.011943155859308607e+00 -1.011945803213650574e+00 -1.012210992884214900e+00 -1.012739113648425171e+00 -1.013529367362663303e+00 -1.014580060541248940e+00 -1.015892210765658499e+00 -1.017456102992831957e+00 -1.019290445520156796e+00 -1.021331494420399055e+00 -1.023636318936935963e+00 -1.026188576713408906e+00 -1.028972060789675957e+00 -1.031986523170025150e+00 -1.035227283633787465e+00 -1.038689504489873627e+00 -1.042368364729942209e+00 -1.046258949548779960e+00 -1.050356303612560271e+00 -1.054655447417630176e+00 -1.059151383562116022e+00 -1.063839086063931738e+00 -1.068713548569436789e+00 -1.073769804107235881e+00 -1.079002797865308505e+00 -1.084407583695300215e+00 -1.089979420463906390e+00 -1.095713220476771221e+00 -1.101604075727021792e+00 -1.107647101107588350e+00 -1.113838163848080542e+00 -1.120172073105936361e+00
-9.898639482430046099e-01 -9.949320000684621634e-01 -1.000000007476555819e+00 -1.005068116924330734e+00 -1.010135726891065566e+00 -1.015195349473059450e+00 -1.020282066050820946e+00 -1.025340246701319291e+00 -1.030408316471333796e+00 -1.031003464529154812e+00 -1.029654442134174896e+00 -1.028136300594026054e+00 -1.026577062152166819e+00 -1.025153489749078162e+00 -1.023924377996646706e+00 -1.022886186757630433e+00 -1.022073135106272845e+00 -1.021499037655434261e+00 -1.021172863034705003e+00 -1.021100023009847702e+00 -1.021283748469178798e+00 -1.021725256118984460e+00 -1.022424563219313409e+00 -1.023380588330446539e+00 -1.024591462041340106e+00 -1.026052238249081539e+00 -1.027767382126663964e+00 -1.029721015791229988e+00 -1.031927935472110258e+00 -1.034369083997156213e+00 -1.037040109128105403e+00 -1.039943519398937477e+00 -1.043072264743791555e+00 -1.046421739225949832e+00 -1.049987394213463432e+00 -1.053764420994334428e+00 -1.057747904572892139e+00 -1.061933030529667477e+00 -1.066314935205391556e+00 -1.070888698954056695e+00 -1.075649516230376967e+00 -1.080592350658729384e+00 -1.085712556423560793e+00 -1.091005125299217449e+00 -1.096465141536265842e+00 -1.102087850769966959e+00 -1.107868321776260823e+00 -1.113802582506346006e+00 -1.119885352494576214e+00 -1.126112000018464121e+00
-9.949320247334476619e-01 -9.999999202119697062e-01 -1.005068067022691913e+00 -1.010136185083803095e+00 -1.015204090730567277e+00 -1.020272640258349073e+00 -1.025339578679209440e+00 -1.030408326254038887e+00 -1.035476367114256835e+00 -1.039646980185301661e+00 -1.038778329562295877e+00 -1.037451877011078105e+00 -1.035987440732674569e+00 -1.034650533997910626e+00 -1.033372339729916600e+00 -1.032313461963901835e+00 -1.031468858100922148e+00 -1.030845756022770177e+00 -1.030460177587692483e+00 -1.030319649340251775e+00 -1.030428713987461720e+00 -1.030789894206763258e+00 -1.031403912303003656e+00 -1.032270493755199858e+00 -1.033388326394449219e+00 -1.034755409421250105e+00 -1.036369620327240337e+00 -1.038226638941785351e+00 -1.040324382134567127e+00 -1.042661552985899354e+00 -1.045225761919491791e+00 -1.048021387157153539e+00 -1.051041106792169000e+00 -1.054280866415255646e+00 -1.057735993822303211e+00 -1.061401893864188706e+00 -1.065273849004334528e+00 -1.069347154052815441e+00 -1.073622216117645412e+00 -1.078079074320422714e+00 -1.082728137737209995e+00 -1.087559504653236697e+00 -1.092568392404349664e+00 -1.097750064327519315e+00 -1.103099718724035672e+00 -1.108613785197094970e+00 -1.114285088945785818e+00 -1.120110931833478318e+00 -1.126086605617195646e+00 -1.132206381316921862e+00
-1.000000001572640240e+00 -1.005068217183687107e+00 -1.010135962370092955e+00 -1.015204211934458423e+00 -1.020272273965178833e+00 -1.025339840094373844e+00 -1.030412358092035241e+00 -1.035476367484689852e+00 -1.040544384736102224e+00 -1.045612469787129184e+00 -1.047654975083805118e+00 -1.046623703742812328e+00 -1.045332271047971995e+00 -1.044021687352710615e+00 -1.042840894808644503e+00 -1.041779656551593769e+00 -1.040893589217039228e+00 -1.040231314762124493e+00 -1.039796019328946608e+00 -1.039596038139972256e+00 -1.039637849072802878e+00 -1.039925180233851387e+00 -1.040459937407519408e+00 -1.041242523372609696e+00 -1.042272353540445229e+00 -1.043547955455953469e+00 -1.045067225218318407e+00 -1.046822619090263196e+00 -1.048824890294860257e+00 -1.051058798469305611e+00 -1.053555358727894742e+00 -1.056186322098186858e+00 -1.059127978692932182e+00 -1.062260596312765815e+00 -1.065607790129653010e+00 -1.069164917612370314e+00 -1.072928013760016341e+00 -1.076891085101731482e+00 -1.081052402057079753e+00 -1.085404360507236543e+00 -1.089943743967082046e+00 -1.094665241469256145e+00 -1.099565130938929824e+00 -1.104637398616876931e+00 -1.109878707394192254e+00 -1.115283646675222951e+00 -1.120847763740837832e+00 -1.126566851519475332e+00 -1.132436622046352870e+00 -1.138450281060589653e+00
