1.551988268674183047e+00 1.561131365231853030e+00 1.570274461789522569e+00 1.579417558347192330e+00 1.588560654904862313e+00 1.597703751462531852e+00 1.606846848020201612e+00 1.615989944577871595e+00 1.625133041135541134e+00 1.634276137693210895e+00 1.643419234250880656e+00 1.652562330808550195e+00 1.661705427366220178e+00 1.670848523923889939e+00 1.679991620481559478e+00 1.689134717039229461e+00 1.698277813596899222e+00 1.707420910154568761e+00 1.716564006712238299e+00 1.725707103269908282e+00 1.734850199827577821e+00 1.743993296385247582e+00 1.753136392942917565e+00 1.762279489500587104e+00 1.771422586058256865e+00 1.780565682615926848e+00 1.789708779173596387e+00 1.798851875731266148e+00 1.807994972288935909e+00 1.817138068846605670e+00 1.826281165404275209e+00 1.835424261961944747e+00 1.844567358519614730e+00 1.853710455077284713e+00 1.862853551634954252e+00 1.871996648192624013e+00 1.881139744750293774e+00 1.890282841307963535e+00 1.899425937865633518e+00 1.908569034423303279e+00 1.917712130980972818e+00 1.926855227538642801e+00 1.935998324096312118e+00 1.945141420653982101e+00 1.954284517211651639e+00 1.963427613769321400e+00 1.972570710326991161e+00 1.981713806884660922e+00 1.990856903442330683e+00 2.000000000000000444e+00
1.561131365231853030e+00 1.570274461789522569e+00 1.579417558347192330e+00 1.588560654904862313e+00 1.597703751462531852e+00 1.606846848020201612e+00 1.615989944577871373e+00 1.625133041135541134e+00 1.634276137693210895e+00 1.643419234250880656e+00 1.652562330808550195e+00 1.661705427366219734e+00 1.670848523923889717e+00 1.679991620481559478e+00 1.689134717039229017e+00 1.698277813596899222e+00 1.707420910154568761e+00 1.716564006712238299e+00 1.725707103269908060e+00 1.734850199827578043e+00 1.743993296385247582e+00 1.753136392942917343e+00 1.762279489500587104e+00 1.771422586058256865e+00 1.780565682615926626e+00 1.789708779173596165e+00 1.798851875731266148e+00 1.807994972288935909e+00 1.817138068846605448e+00 1.826281165404275431e+00 1.835424261961944747e+00 1.844567358519614730e+00 1.853710455077284713e+00 1.862853551634954252e+00 1.871996648192624013e+00 1.881139744750293552e+00 1.890282841307963313e+00 1.899425937865633518e+00 1.908569034423303057e+00 1.917712130980972818e+00 1.926855227538642801e+00 1.935998324096312118e+00 1.945141420653981879e+00 1.954284517211651639e+00 1.963427613769321400e+00 1.972570710326991161e+00 1.981713806884660922e+00 1.990856903442330683e+00 2.000000000000000444e+00 2.009143096557670205e+00
1.570274461789522569e+00 1.579417558347192330e+00 1.588560654904861869e+00 1.597703751462531852e+00 1.606846848020201612e+00 1.615989944577871151e+00 1.625133041135541134e+00 1.634276137693210895e+00 1.643419234250880434e+00 1.652562330808550195e+00 1.661705427366220178e+00 1.670848523923889717e+00 1.679991620481559256e+00 1.689134717039229461e+00 1.698277813596899000e+00 1.707420910154568539e+00 1.716564006712238299e+00 1.725707103269908282e+00 1.734850199827577821e+00 1.743993296385247582e+00 1.753136392942917343e+00 1.762279489500587104e+00 1.771422586058256865e+00 1.780565682615926626e+00 1.789708779173596387e+00 1.798851875731266148e+00 1.807994972288935687e+00 1.817138068846605670e+00 1.826281165404275431e+00 1.835424261961944969e+00 1.844567358519614730e+00 1.853710455077284713e+00 1.862853551634954252e+00 1.871996648192623791e+00 1.881139744750293552e+00 1.890282841307963313e+00 1.899425937865633074e+00 1.908569034423303057e+00 1.917712130980972818e+00 1.926855227538642357e+00 1.935998324096312118e+00 1.945141420653981879e+00 1.954284517211651639e+00 1.963427613769321400e+00 1.972570710326991161e+00 1.981713806884660922e+00 1.990856903442330683e+00 2.000000000000000444e+00 2.009143096557670205e+00 2.018286193115339966e+00
1.579417558347192552e+00 1.588560654904862091e+00 1.597703751462531852e+00 1.606846848020201834e+00 1.615989944577871373e+00 1.625133041135541134e+00 1.634276137693210895e+00 1.643419234250880656e+00 1.652562330808550417e+00 1.661705427366220178e+00 1.670848523923889939e+00 1.679991620481559700e+00 1.689134717039229461e+00 1.698277813596899000e+00 1.707420910154568983e+00 1.716564006712238299e+00 1.725707103269908060e+00 1.734850199827577821e+00 1.743993296385247804e+00 1.753136392942917787e+00 1.762279489500587548e+00 1.771422586058257087e+00 1.780565682615926626e+00 1.789708779173596387e+00 1.798851875731266370e+00 1.807994972288935909e+00 1.817138068846605670e+00 1.826281165404275431e+00 1.835424261961945192e+00 1.844567358519614952e+00 1.853710455077284713e+00 1.862853551634954252e+00 1.871996648192624235e+00 1.881139744750293552e+00 1.890282841307963535e+00 1.899425937865633296e+00 1.908569034423302835e+00 1.917712130980973040e+00 1.926855227538642801e+00 1.935998324096312340e+00 1.945141420653982323e+00 1.954284517211651639e+00 1.963427613769321622e+00 1.972570710326991161e+00 1.981713806884660922e+00 1.990856903442330905e+00 2.000000000000000444e+00 2.009143096557670205e+00 2.018286193115339966e+00 2.027429289673009727e+00
1.588560654904862091e+00 1.597703751462531852e+00 1.606846848020201612e+00 1.615989944577871373e+00 1.625133041135541134e+00 1.634276137693210895e+00 1.643419234250880434e+00 1.652562330808549973e+00 1.661705427366220178e+00 1.670848523923889717e+00 1.679991620481559256e+00 1.689134717039229461e+00 1.698277813596899000e+00 1.707420910154568539e+00 1.716564006712238522e+00 1.725707103269908282e+00 1.734850199827577821e+00 1.743993296385247582e+00 1.753136392942917343e+00 1.762279489500587326e+00 1.771422586058257087e+00 1.780565682615926626e+00 1.789708779173596387e+00 1.798851875731266148e+00 1.807994972288935909e+00 1.817138068846605670e+00 1.826281165404275431e+00 1.835424261961945192e+00 1.844567358519614952e+00 1.853710455077284491e+00 1.862853551634954252e+00 1.871996648192623791e+00 1.881139744750293996e+00 1.890282841307963535e+00 1.899425937865633074e+00 1.908569034423302835e+00 1.917712130980972818e+00 1.926855227538642579e+00 1.935998324096312340e+00 1.945141420653982323e+00 1.954284517211651639e+00 1.963427613769321622e+00 1.972570710326991161e+00 1.981713806884661144e+00 1.990856903442330683e+00 2.000000000000000000e+00 2.009143096557670205e+00 2.018286193115339966e+00 2.027429289673009727e+00 2.036572386230679488e+00
1.597703751462531852e+00 1.606846848020201612e+00 1.615989944577871151e+00 1.625133041135541134e+00 1.634276137693210895e+00 1.643419234250880656e+00 1.652562330808550417e+00 1.661705427366219956e+00 1.670848523923889939e+00 1.679991620481559700e+00 1.689134717039229239e+00 1.698277813596899000e+00 1.707420910154568983e+00 1.716564006712238522e+00 1.725707103269908060e+00 1.734850199827577821e+00 1.743993296385247582e+00 1.753136392942917343e+00 1.762279489500587104e+00 1.771422586058256865e+00 1.780565682615926626e+00 1.789708779173596387e+00 1.798851875731266370e+00 1.807994972288935909e+00 1.817138068846605670e+00 1.826281165404275209e+00 1.835424261961945192e+00 1.844567358519614952e+00 1.853710455077284491e+00 1.862853551634954252e+00 1.871996648192624235e+00 1.881139744750293552e+00 1.890282841307963313e+00 1.899425937865633074e+00 1.908569034423303057e+00 1.917712130980972596e+00 1.926855227538642357e+00 1.935998324096312340e+00 1.945141420653981879e+00 1.954284517211651639e+00 1.963427613769321622e+00 1.972570710326991161e+00 1.981713806884661144e+00 1.990856903442330683e+00 2.000000000000000000e+00 2.009143096557670205e+00 2.018286193115339966e+00 2.027429289673009727e+00 2.036572386230679488e+00 2.045715482788349249e+00
1.606846848020201612e+00 1.615989944577871151e+00 1.625133041135541134e+00 1.634276137693210895e+00 1.643419234250880656e+00 1.652562330808550417e+00 1.661705427366219956e+00 1.670848523923889717e+00 1.679991620481559700e+00 1.689134717039229239e+00 1.698277813596899222e+00 1.707420910154568761e+00 1.716564006712238522e+00 1.725707103269908282e+00 1.734850199827577821e+00 1.743993296385247582e+00 1.753136392942917121e+00 1.762279489500587104e+00 1.771422586058256865e+00 1.780565682615926626e+00 1.789708779173596387e+00 1.798851875731266148e+00 1.807994972288935687e+00 1.817138068846605670e+00 1.826281165404275431e+00 1.835424261961945192e+00 1.844567358519614952e+00 1.853710455077284491e+00 1.862853551634954252e+00 1.871996648192623791e+00 1.881139744750293552e+00 1.890282841307963535e+00 1.899425937865633074e+00 1.908569034423302835e+00 1.917712130980972596e+00 1.926855227538642357e+00 1.935998324096312118e+00 1.945141420653981879e+00 1.954284517211651862e+00 1.963427613769321400e+00 1.972570710326991161e+00 1.981713806884661144e+00 1.990856903442330683e+00 2.000000000000000444e+00 2.009143096557670205e+00 2.018286193115339966e+00 2.027429289673009727e+00 2.036572386230679488e+00 2.045715482788349249e+00 2.054858579346019010e+00
1.615989944577871373e+00 1.625133041135541134e+00 1.634276137693210673e+00 1.643419234250880878e+00 1.652562330808550417e+00 1.661705427366219956e+00 1.670848523923889939e+00 1.679991620481559700e+00 1.689134717039229239e+00 1.698277813596899222e+00 1.707420910154568983e+00 1.716564006712238522e+00 1.725707103269908060e+00 1.734850199827578043e+00 1.743993296385247804e+00 1.753136392942917787e+00 1.762279489500587326e+00 1.771422586058257087e+00 1.780565682615926626e+00 1.789708779173596609e+00 1.798851875731266148e+00 1.807994972288935909e+00 1.817138068846605670e+00 1.826281165404275431e+00 1.835424261961945192e+00 1.844567358519614952e+00 1.853710455077284491e+00 1.862853551634954474e+00 1.871996648192624235e+00 1.881139744750293774e+00 1.890282841307963757e+00 1.899425937865633074e+00 1.908569034423303057e+00 1.917712130980972596e+00 1.926855227538642579e+00 1.935998324096312340e+00 1.945141420653981879e+00 1.954284517211651862e+00 1.963427613769321844e+00 1.972570710326991161e+00 1.981713806884660922e+00 1.990856903442330683e+00 2.000000000000000444e+00 2.009143096557670205e+00 2.018286193115339966e+00 2.027429289673009727e+00 2.036572386230679488e+00 2.045715482788349249e+00 2.054858579346019010e+00 2.064001675903688771e+00
1.625133041135541134e+00 1.634276137693210895e+00 1.643419234250880656e+00 1.652562330808550417e+00 1.661705427366220178e+00 1.670848523923889939e+00 1.679991620481559478e+00 1.689134717039229461e+00 1.698277813596899222e+00 1.707420910154568761e+00 1.716564006712238522e+00 1.725707103269908060e+00 1.734850199827577821e+00 1.743993296385247804e+00 1.753136392942917343e+00 1.762279489500587326e+00 1.771422586058256865e+00 1.780565682615926626e+00 1.789708779173596609e+00 1.798851875731266148e+00 1.807994972288935909e+00 1.817138068846605892e+00 1.826281165404275431e+00 1.835424261961945192e+00 1.844567358519614730e+00 1.853710455077284713e+00 1.862853551634954474e+00 1.871996648192624013e+00 1.881139744750293774e+00 1.890282841307963757e+00 1.899425937865633074e+00 1.908569034423302835e+00 1.917712130980972596e+00 1.926855227538642579e+00 1.935998324096312118e+00 1.945141420653981879e+00 1.954284517211651639e+00 1.963427613769321400e+00 1.972570710326991383e+00 1.981713806884660922e+00 1.990856903442330683e+00 2.000000000000000444e+00 2.009143096557670205e+00 2.018286193115339966e+00 2.027429289673009727e+00 2.036572386230679044e+00 2.045715482788349249e+00 2.054858579346019010e+00 2.064001675903688771e+00 2.073144772461358532e+00
1.634276137693210895e+00 1.643419234250880656e+00 1.652562330808550195e+00 1.661705427366220178e+00 1.670848523923889939e+00 1.679991620481559478e+00 1.689134717039229239e+00 1.698277813596898778e+00 1.707420910154568761e+00 1.716564006712238522e+00 1.725707103269908060e+00 1.734850199827577821e+00 1.743993296385247582e+00 1.753136392942917343e+00 1.762279489500587104e+00 1.771422586058257087e+00 1.780565682615926626e+00 1.789708779173596387e+00 1.798851875731265926e+00 1.807994972288936131e+00 1.817138068846605670e+00 1.826281165404275431e+00 1.835424261961945192e+00 1.844567358519614952e+00 1.853710455077284713e+00 1.862853551634954252e+00 1.871996648192624013e+00 1.881139744750293774e+00 1.890282841307963313e+00 1.899425937865633296e+00 1.908569034423303057e+00 1.917712130980972596e+00 1.926855227538642357e+00 1.935998324096312118e+00 1.945141420653981879e+00 1.954284517211651639e+00 1.963427613769321400e+00 1.972570710326991383e+00 1.981713806884660922e+00 1.990856903442330683e+00 2.000000000000000444e+00 2.009143096557670205e+00 2.018286193115339966e+00 2.027429289673009727e+00 2.036572386230679488e+00 2.045715482788349249e+00 2.054858579346018566e+00 2.064001675903688771e+00 2.073144772461358532e+00 2.082287869019028292e+00
1.643419234250880656e+00 1.652562330808550195e+00 1.661705427366219956e+00 1.670848523923889939e+00 1.679991620481559478e+00 1.689134717039229239e+00 1.698277813596899222e+00 1.707420910154568761e+00 1.716564006712238299e+00 1.725707103269908060e+00 1.734850199827578043e+00 1.743993296385247582e+00 1.753136392942917343e+00 1.762279489500587104e+00 1.771422586058256865e+00 1.780565682615926626e+00 1.789708779173596387e+00 1.798851875731265926e+00 1.807994972288935909e+00 1.817138068846605670e+00 1.826281165404275431e+00 1.835424261961945192e+00 1.844567358519614730e+00 1.853710455077284713e+00 1.862853551634954474e+00 1.871996648192624013e+00 1.881139744750293774e+00 1.890282841307963313e+00 1.899425937865633296e+00 1.908569034423302835e+00 1.917712130980972596e+00 1.926855227538642579e+00 1.935998324096312118e+00 1.945141420653981879e+00 1.954284517211651639e+00 1.963427613769321400e+00 1.972570710326991161e+00 1.981713806884660922e+00 1.990856903442330683e+00 2.000000000000000444e+00 2.009143096557670205e+00 2.018286193115339966e+00 2.027429289673009727e+00 2.036572386230679044e+00 2.045715482788349249e+00 2.054858579346019010e+00 2.064001675903688771e+00 2.073144772461358532e+00 2.082287869019028292e+00 2.091430965576697609e+00
1.652562330808550195e+00 1.661705427366220178e+00 1.670848523923889495e+00 1.679991620481559478e+00 1.689134717039229461e+00 1.698277813596899000e+00 1.707420910154568761e+00 1.716564006712238299e+00 1.725707103269908282e+00 1.734850199827577821e+00 1.743993296385247582e+00 1.753136392942917343e+00 1.762279489500587104e+00 1.771422586058256865e+00 1.780565682615926626e+00 1.789708779173596387e+00 1.798851875731265926e+00 1.807994972288935465e+00 1.817138068846605670e+00 1.826281165404275431e+00 1.835424261961945192e+00 1.844567358519614730e+00 1.853710455077284713e+00 1.862853551634954252e+00 1.871996648192624013e+00 1.881139744750293996e+00 1.890282841307963313e+00 1.899425937865633074e+00 1.908569034423302835e+00 1.917712130980972596e+00 1.926855227538642357e+00 1.935998324096312118e+00 1.945141420653981879e+00 1.954284517211651639e+00 1.963427613769321400e+00 1.972570710326991161e+00 1.981713806884660922e+00 1.990856903442330683e+00 2.000000000000000444e+00 2.009143096557670205e+00 2.018286193115339966e+00 2.027429289673009727e+00 2.036572386230679044e+00 2.045715482788349249e+00 2.054858579346018566e+00 2.064001675903688771e+00 2.073144772461358532e+00 2.082287869019028292e+00 2.091430965576697609e+00 2.100574062134367370e+00
1.661705427366219734e+00 1.670848523923889939e+00 1.679991620481559478e+00 1.689134717039229017e+00 1.698277813596899000e+00 1.707420910154568761e+00 1.716564006712238299e+00 1.725707103269908282e+00 1.734850199827578043e+00 1.743993296385247582e+00 1.753136392942917343e+00 1.762279489500587104e+00 1.771422586058256865e+00 1.780565682615926626e+00 1.789708779173596387e+00 1.798851875731265926e+00 1.807994972288935909e+00 1.817138068846605448e+00 1.826281165404275209e+00 1.835424261961945192e+00 1.844567358519614730e+00 1.853710455077284713e+00 1.862853551634954252e+00 1.871996648192624013e+00 1.881139744750293552e+00 1.890282841307963535e+00 1.899425937865633296e+00 1.908569034423302835e+00 1.917712130980972596e+00 1.926855227538642579e+00 1.935998324096312118e+00 1.945141420653981879e+00 1.954284517211651639e+00 1.963427613769321400e+00 1.972570710326991161e+00 1.981713806884660700e+00 1.990856903442330239e+00 2.000000000000000444e+00 2.009143096557670205e+00 2.018286193115339966e+00 2.027429289673009727e+00 2.036572386230679044e+00 2.045715482788348805e+00 2.054858579346018566e+00 2.064001675903688771e+00 2.073144772461358087e+00 2.082287869019028292e+00 2.091430965576697609e+00 2.100574062134367370e+00 2.109717158692037131e+00
1.670848523923889717e+00 1.679991620481559700e+00 1.689134717039229461e+00 1.698277813596899000e+00 1.707420910154568539e+00 1.716564006712238299e+00 1.725707103269908282e+00 1.734850199827577821e+00 1.743993296385247804e+00 1.753136392942917565e+00 1.762279489500587104e+00 1.771422586058257087e+00 1.780565682615926626e+00 1.789708779173596387e+00 1.798851875731266148e+00 1.807994972288935909e+00 1.817138068846605670e+00 1.826281165404275431e+00 1.835424261961944969e+00 1.844567358519614952e+00 1.853710455077284713e+00 1.862853551634954252e+00 1.871996648192624235e+00 1.881139744750293996e+00 1.890282841307963535e+00 1.899425937865633074e+00 1.908569034423302835e+00 1.917712130980972818e+00 1.926855227538642357e+00 1.935998324096312118e+00 1.945141420653982101e+00 1.954284517211651639e+00 1.963427613769321400e+00 1.972570710326991161e+00 1.981713806884660922e+00 1.990856903442330683e+00 2.000000000000000000e+00 2.009143096557670205e+00 2.018286193115339966e+00 2.027429289673009727e+00 2.036572386230679488e+00 2.045715482788349249e+00 2.054858579346018566e+00 2.064001675903688771e+00 2.073144772461358532e+00 2.082287869019028292e+00 2.091430965576697609e+00 2.100574062134367814e+00 2.109717158692037131e+00 2.118860255249706892e+00
1.679991620481559700e+00 1.689134717039229461e+00 1.698277813596899000e+00 1.707420910154568983e+00 1.716564006712238299e+00 1.725707103269908060e+00 1.734850199827577821e+00 1.743993296385247582e+00 1.753136392942917343e+00 1.762279489500587104e+00 1.771422586058257087e+00 1.780565682615926626e+00 1.789708779173596387e+00 1.798851875731266148e+00 1.807994972288935909e+00 1.817138068846605448e+00 1.826281165404274986e+00 1.835424261961945192e+00 1.844567358519614730e+00 1.853710455077284491e+00 1.862853551634954474e+00 1.871996648192624235e+00 1.881139744750293552e+00 1.890282841307963535e+00 1.899425937865633518e+00 1.908569034423303057e+00 1.917712130980972818e+00 1.926855227538642357e+00 1.935998324096312118e+00 1.945141420653981879e+00 1.954284517211651417e+00 1.963427613769321400e+00 1.972570710326991161e+00 1.981713806884660700e+00 1.990856903442330239e+00 2.000000000000000444e+00 2.009143096557670205e+00 2.018286193115340410e+00 2.027429289673009727e+00 2.036572386230679488e+00 2.045715482788349249e+00 2.054858579346018566e+00 2.064001675903688771e+00 2.073144772461358087e+00 2.082287869019028292e+00 2.091430965576698053e+00 2.100574062134367814e+00 2.109717158692037131e+00 2.118860255249706892e+00 2.128003351807376653e+00
1.689134717039229239e+00 1.698277813596899000e+00 1.707420910154568539e+00 1.716564006712238522e+00 1.725707103269908504e+00 1.734850199827577821e+00 1.743993296385247582e+00 1.753136392942917787e+00 1.762279489500587104e+00 1.771422586058256865e+00 1.780565682615926848e+00 1.789708779173596387e+00 1.798851875731266148e+00 1.807994972288935909e+00 1.817138068846605670e+00 1.826281165404275431e+00 1.835424261961944969e+00 1.844567358519614952e+00 1.853710455077284713e+00 1.862853551634954474e+00 1.871996648192624235e+00 1.881139744750293774e+00 1.890282841307963757e+00 1.899425937865633074e+00 1.908569034423303057e+00 1.917712130980973040e+00 1.926855227538642357e+00 1.935998324096312118e+00 1.945141420653982323e+00 1.954284517211651639e+00 1.963427613769321400e+00 1.972570710326991161e+00 1.981713806884660922e+00 1.990856903442330683e+00 2.000000000000000000e+00 2.009143096557670205e+00 2.018286193115339966e+00 2.027429289673009727e+00 2.036572386230679488e+00 2.045715482788349249e+00 2.054858579346019010e+00 2.064001675903688771e+00 2.073144772461358532e+00 2.082287869019028292e+00 2.091430965576698053e+00 2.100574062134367814e+00 2.109717158692037575e+00 2.118860255249707336e+00 2.128003351807376653e+00 2.137146448365046414e+00
1.698277813596899000e+00 1.707420910154568983e+00 1.716564006712238522e+00 1.725707103269908504e+00 1.734850199827577821e+00 1.743993296385247804e+00 1.753136392942917343e+00 1.762279489500587326e+00 1.771422586058257087e+00 1.780565682615926626e+00 1.789708779173596387e+00 1.798851875731266148e+00 1.807994972288935909e+00 1.817138068846605670e+00 1.826281165404275209e+00 1.835424261961945192e+00 1.844567358519614952e+00 1.853710455077284491e+00 1.862853551634954252e+00 1.871996648192624235e+00 1.881139744750293774e+00 1.890282841307963757e+00 1.899425937865633518e+00 1.908569034423303057e+00 1.917712130980972596e+00 1.926855227538642579e+00 1.935998324096312340e+00 1.945141420653981879e+00 1.954284517211651639e+00 1.963427613769321622e+00 1.972570710326991161e+00 1.981713806884660922e+00 1.990856903442330683e+00 2.000000000000000444e+00 2.009143096557670205e+00 2.018286193115339522e+00 2.027429289673009727e+00 2.036572386230679488e+00 2.045715482788349249e+00 2.054858579346019010e+00 2.064001675903688771e+00 2.073144772461358087e+00 2.082287869019028292e+00 2.091430965576698053e+00 2.100574062134367814e+00 2.109717158692037131e+00 2.118860255249707336e+00 2.128003351807376653e+00 2.137146448365046414e+00 2.146289544922716175e+00
1.707420910154568761e+00 1.716564006712238522e+00 1.725707103269908282e+00 1.734850199827578043e+00 1.743993296385247582e+00 1.753136392942917787e+00 1.762279489500587326e+00 1.771422586058256865e+00 1.780565682615927070e+00 1.789708779173596387e+00 1.798851875731266148e+00 1.807994972288935909e+00 1.817138068846605892e+00 1.826281165404275431e+00 1.835424261961945192e+00 1.844567358519614952e+00 1.853710455077284713e+00 1.862853551634954474e+00 1.871996648192624235e+00 1.881139744750293996e+00 1.890282841307963757e+00 1.899425937865633518e+00 1.908569034423303057e+00 1.917712130980973040e+00 1.926855227538642579e+00 1.935998324096312340e+00 1.945141420653982323e+00 1.954284517211651639e+00 1.963427613769321400e+00 1.972570710326991161e+00 1.981713806884660922e+00 1.990856903442330683e+00 2.000000000000000000e+00 2.009143096557670205e+00 2.018286193115339966e+00 2.027429289673009727e+00 2.036572386230679044e+00 2.045715482788349249e+00 2.054858579346019010e+00 2.064001675903688771e+00 2.073144772461358532e+00 2.082287869019028292e+00 2.091430965576697609e+00 2.100574062134367814e+00 2.109717158692037575e+00 2.118860255249707336e+00 2.128003351807376653e+00 2.137146448365046414e+00 2.146289544922716175e+00 2.155432641480385936e+00
1.716564006712238522e+00 1.725707103269908060e+00 1.734850199827577821e+00 1.743993296385247804e+00 1.753136392942917343e+00 1.762279489500587104e+00 1.771422586058256865e+00 1.780565682615926626e+00 1.789708779173596387e+00 1.798851875731266148e+00 1.807994972288935909e+00 1.817138068846605670e+00 1.826281165404275209e+00 1.835424261961945192e+00 1.844567358519614730e+00 1.853710455077284491e+00 1.862853551634954030e+00 1.871996648192624013e+00 1.881139744750293774e+00 1.890282841307963313e+00 1.899425937865633296e+00 1.908569034423303057e+00 1.917712130980972596e+00 1.926855227538642357e+00 1.935998324096312340e+00 1.945141420653981879e+00 1.954284517211651639e+00 1.963427613769321400e+00 1.972570710326991161e+00 1.981713806884660922e+00 1.990856903442330461e+00 2.000000000000000000e+00 2.009143096557670205e+00 2.018286193115339522e+00 2.027429289673009283e+00 2.036572386230679044e+00 2.045715482788349249e+00 2.054858579346018566e+00 2.064001675903688771e+00 2.073144772461358087e+00 2.082287869019027848e+00 2.091430965576697609e+00 2.100574062134367814e+00 2.109717158692037131e+00 2.118860255249706892e+00 2.128003351807376653e+00 2.137146448365046414e+00 2.146289544922716175e+00 2.155432641480385936e+00 2.164575738038055697e+00
1.725707103269908504e+00 1.734850199827578043e+00 1.743993296385247582e+00 1.753136392942917787e+00 1.762279489500587326e+00 1.771422586058256865e+00 1.780565682615927070e+00 1.789708779173596609e+00 1.798851875731266148e+00 1.807994972288935909e+00 1.817138068846605892e+00 1.826281165404275431e+00 1.835424261961945192e+00 1.844567358519614952e+00 1.853710455077284713e+00 1.862853551634954474e+00 1.871996648192624013e+00 1.881139744750293774e+00 1.890282841307963535e+00 1.899425937865633296e+00 1.908569034423303057e+00 1.917712130980973040e+00 1.926855227538642579e+00 1.935998324096312340e+00 1.945141420653981879e+00 1.954284517211651862e+00 1.963427613769321400e+00 1.972570710326991161e+00 1.981713806884661144e+00 1.990856903442330683e+00 2.000000000000000000e+00 2.009143096557670205e+00 2.018286193115339966e+00 2.027429289673009727e+00 2.036572386230679488e+00 2.045715482788349249e+00 2.054858579346018566e+00 2.064001675903688771e+00 2.073144772461358532e+00 2.082287869019028292e+00 2.091430965576697609e+00 2.100574062134367814e+00 2.109717158692037575e+00 2.118860255249707336e+00 2.128003351807376653e+00 2.137146448365046414e+00 2.146289544922716175e+00 2.155432641480385936e+00 2.164575738038055697e+00 2.173718834595725902e+00
1.734850199827577821e+00 1.743993296385247804e+00 1.753136392942917343e+00 1.762279489500587104e+00 1.771422586058257087e+00 1.780565682615926626e+00 1.789708779173596387e+00 1.798851875731266148e+00 1.807994972288935909e+00 1.817138068846605670e+00 1.826281165404275431e+00 1.835424261961945192e+00 1.844567358519614952e+00 1.853710455077284491e+00 1.862853551634954474e+00 1.871996648192624013e+00 1.881139744750293774e+00 1.890282841307963313e+00 1.899425937865633296e+00 1.908569034423303057e+00 1.917712130980972596e+00 1.926855227538642357e+00 1.935998324096312340e+00 1.945141420653981879e+00 1.954284517211651639e+00 1.963427613769321400e+00 1.972570710326991161e+00 1.981713806884660922e+00 1.990856903442330461e+00 2.000000000000000444e+00 2.009143096557670205e+00 2.018286193115339522e+00 2.027429289673009283e+00 2.036572386230679488e+00 2.045715482788349249e+00 2.054858579346018566e+00 2.064001675903688326e+00 2.073144772461358532e+00 2.082287869019028292e+00 2.091430965576697609e+00 2.100574062134367814e+00 2.109717158692037131e+00 2.118860255249707336e+00 2.128003351807376653e+00 2.137146448365046414e+00 2.146289544922716175e+00 2.155432641480385936e+00 2.164575738038055697e+00 2.173718834595725458e+00 2.182861931153395219e+00
1.743993296385247804e+00 1.753136392942917343e+00 1.762279489500587104e+00 1.771422586058256865e+00 1.780565682615926626e+00 1.789708779173596387e+00 1.798851875731266148e+00 1.807994972288935909e+00 1.817138068846605448e+00 1.826281165404275431e+00 1.835424261961945192e+00 1.844567358519614730e+00 1.853710455077284269e+00 1.862853551634954474e+00 1.871996648192624013e+00 1.881139744750293552e+00 1.890282841307963757e+00 1.899425937865633296e+00 1.908569034423302835e+00 1.917712130980972818e+00 1.926855227538642579e+00 1.935998324096312118e+00 1.945141420653981879e+00 1.954284517211651862e+00 1.963427613769321400e+00 1.972570710326991161e+00 1.981713806884660922e+00 1.990856903442330461e+00 2.000000000000000444e+00 2.009143096557670205e+00 2.018286193115339966e+00 2.027429289673009727e+00 2.036572386230679044e+00 2.045715482788348805e+00 2.054858579346019010e+00 2.064001675903688326e+00 2.073144772461358087e+00 2.082287869019028292e+00 2.091430965576697609e+00 2.100574062134367370e+00 2.109717158692037131e+00 2.118860255249707336e+00 2.128003351807376653e+00 2.137146448365046414e+00 2.146289544922716175e+00 2.155432641480385936e+00 2.164575738038055697e+00 2.173718834595725458e+00 2.182861931153395219e+00 2.192005027711064979e+00
1.753136392942917343e+00 1.762279489500587104e+00 1.771422586058256865e+00 1.780565682615926626e+00 1.789708779173596387e+00 1.798851875731266148e+00 1.807994972288935687e+00 1.817138068846605670e+00 1.826281165404275431e+00 1.835424261961944969e+00 1.844567358519614952e+00 1.853710455077284713e+00 1.862853551634954252e+00 1.871996648192624235e+00 1.881139744750293996e+00 1.890282841307963535e+00 1.899425937865633296e+00 1.908569034423302835e+00 1.917712130980972818e+00 1.926855227538642357e+00 1.935998324096312118e+00 1.945141420653982101e+00 1.954284517211651639e+00 1.963427613769321400e+00 1.972570710326991161e+00 1.981713806884660922e+00 1.990856903442330683e+00 2.000000000000000444e+00 2.009143096557670205e+00 2.018286193115339966e+00 2.027429289673009727e+00 2.036572386230679044e+00 2.045715482788349249e+00 2.054858579346018566e+00 2.064001675903688771e+00 2.073144772461358087e+00 2.082287869019027848e+00 2.091430965576698053e+00 2.100574062134367814e+00 2.109717158692037131e+00 2.118860255249706892e+00 2.128003351807377097e+00 2.137146448365046858e+00 2.146289544922716175e+00 2.155432641480385936e+00 2.164575738038055697e+00 2.173718834595725458e+00 2.182861931153395219e+00 2.192005027711064979e+00 2.201148124268734740e+00
1.762279489500587326e+00 1.771422586058256865e+00 1.780565682615926626e+00 1.789708779173596387e+00 1.798851875731266148e+00 1.807994972288935909e+00 1.817138068846605670e+00 1.826281165404275431e+00 1.835424261961945192e+00 1.844567358519614730e+00 1.853710455077284713e+00 1.862853551634954252e+00 1.871996648192624013e+00 1.881139744750293552e+00 1.890282841307963535e+00 1.899425937865633296e+00 1.908569034423302835e+00 1.917712130980972596e+00 1.926855227538642579e+00 1.935998324096312340e+00 1.945141420653981879e+00 1.954284517211651862e+00 1.963427613769321400e+00 1.972570710326991161e+00 1.981713806884660922e+00 1.990856903442330683e+00 2.000000000000000444e+00 2.009143096557670205e+00 2.018286193115339966e+00 2.027429289673009727e+00 2.036572386230679044e+00 2.045715482788349249e+00 2.054858579346018566e+00 2.064001675903688771e+00 2.073144772461358087e+00 2.082287869019027848e+00 2.091430965576697609e+00 2.100574062134367814e+00 2.109717158692037131e+00 2.118860255249707336e+00 2.128003351807376653e+00 2.137146448365046858e+00 2.146289544922716175e+00 2.155432641480386380e+00 2.164575738038055697e+00 2.173718834595725458e+00 2.182861931153395219e+00 2.192005027711064979e+00 2.201148124268734740e+00 2.210291220826404501e+00
1.771422586058257087e+00 1.780565682615926626e+00 1.789708779173596387e+00 1.798851875731266148e+00 1.807994972288935909e+00 1.817138068846605670e+00 1.826281165404275431e+00 1.835424261961944969e+00 1.844567358519614952e+00 1.853710455077284713e+00 1.862853551634954252e+00 1.871996648192624235e+00 1.881139744750293996e+00 1.890282841307963535e+00 1.899425937865633296e+00 1.908569034423302835e+00 1.917712130980972818e+00 1.926855227538642579e+00 1.935998324096312118e+00 1.945141420653982101e+00 1.954284517211651862e+00 1.963427613769321622e+00 1.972570710326991161e+00 1.981713806884660922e+00 1.990856903442330683e+00 2.000000000000000444e+00 2.009143096557670205e+00 2.018286193115339966e+00 2.027429289673009727e+00 2.036572386230679488e+00 2.045715482788349249e+00 2.054858579346018566e+00 2.064001675903688771e+00 2.073144772461358532e+00 2.082287869019028292e+00 2.091430965576697609e+00 2.100574062134367814e+00 2.109717158692037131e+00 2.118860255249706892e+00 2.128003351807377097e+00 2.137146448365046858e+00 2.146289544922716175e+00 2.155432641480385936e+00 2.164575738038055697e+00 2.173718834595725458e+00 2.182861931153395219e+00 2.192005027711064979e+00 2.201148124268734740e+00 2.210291220826404501e+00 2.219434317384074262e+00
1.780565682615926626e+00 1.789708779173596387e+00 1.798851875731266148e+00 1.807994972288935909e+00 1.817138068846605670e+00 1.826281165404275431e+00 1.835424261961945192e+00 1.844567358519614952e+00 1.853710455077284713e+00 1.862853551634954252e+00 1.871996648192624013e+00 1.881139744750293996e+00 1.890282841307963535e+00 1.899425937865633296e+00 1.908569034423302835e+00 1.917712130980972596e+00 1.926855227538642579e+00 1.935998324096312118e+00 1.945141420653981879e+00 1.954284517211651639e+00 1.963427613769321622e+00 1.972570710326991161e+00 1.981713806884660700e+00 1.990856903442330683e+00 2.000000000000000444e+00 2.009143096557670205e+00 2.018286193115339966e+00 2.027429289673009727e+00 2.036572386230679044e+00 2.045715482788348805e+00 2.054858579346018566e+00 2.064001675903688771e+00 2.073144772461358087e+00 2.082287869019028292e+00 2.091430965576697609e+00 2.100574062134367370e+00 2.109717158692037131e+00 2.118860255249707336e+00 2.128003351807376653e+00 2.137146448365046858e+00 2.146289544922716175e+00 2.155432641480386380e+00 2.164575738038055697e+00 2.173718834595725458e+00 2.182861931153395219e+00 2.192005027711064979e+00 2.201148124268734740e+00 2.210291220826404501e+00 2.219434317384074262e+00 2.228577413941744023e+00
1.789708779173596387e+00 1.798851875731266148e+00 1.807994972288935909e+00 1.817138068846605670e+00 1.826281165404275431e+00 1.835424261961945192e+00 1.844567358519614952e+00 1.853710455077284491e+00 1.862853551634954252e+00 1.871996648192624235e+00 1.881139744750293774e+00 1.890282841307963535e+00 1.899425937865633074e+00 1.908569034423303057e+00 1.917712130980972596e+00 1.926855227538642357e+00 1.935998324096312118e+00 1.945141420653981879e+00 1.954284517211651639e+00 1.963427613769321400e+00 1.972570710326990939e+00 1.981713806884660922e+00 1.990856903442330683e+00 2.000000000000000444e+00 2.009143096557670205e+00 2.018286193115339966e+00 2.027429289673009727e+00 2.036572386230679488e+00 2.045715482788349249e+00 2.054858579346018566e+00 2.064001675903688326e+00 2.073144772461358087e+00 2.082287869019027848e+00 2.091430965576697609e+00 2.100574062134367814e+00 2.109717158692037131e+00 2.118860255249706892e+00 2.128003351807376653e+00 2.137146448365046414e+00 2.146289544922716175e+00 2.155432641480385936e+00 2.164575738038055697e+00 2.173718834595725902e+00 2.182861931153395219e+00 2.192005027711064535e+00 2.201148124268734740e+00 2.210291220826404501e+00 2.219434317384074262e+00 2.228577413941743579e+00 2.237720510499413784e+00
1.798851875731266148e+00 1.807994972288935909e+00 1.817138068846605670e+00 1.826281165404275209e+00 1.835424261961945192e+00 1.844567358519614952e+00 1.853710455077284491e+00 1.862853551634954030e+00 1.871996648192624235e+00 1.881139744750293774e+00 1.890282841307963313e+00 1.899425937865633518e+00 1.908569034423303057e+00 1.917712130980972596e+00 1.926855227538642357e+00 1.935998324096312340e+00 1.945141420653981879e+00 1.954284517211651639e+00 1.963427613769321400e+00 1.972570710326991161e+00 1.981713806884660922e+00 1.990856903442330683e+00 2.000000000000000444e+00 2.009143096557670205e+00 2.018286193115339966e+00 2.027429289673009727e+00 2.036572386230679488e+00 2.045715482788349249e+00 2.054858579346018566e+00 2.064001675903688326e+00 2.073144772461358087e+00 2.082287869019027848e+00 2.091430965576697609e+00 2.100574062134367814e+00 2.109717158692037131e+00 2.118860255249706448e+00 2.128003351807376653e+00 2.137146448365046414e+00 2.146289544922716175e+00 2.155432641480386380e+00 2.164575738038055697e+00 2.173718834595725458e+00 2.182861931153395219e+00 2.192005027711064979e+00 2.201148124268734740e+00 2.210291220826404501e+00 2.219434317384074262e+00 2.228577413941744023e+00 2.237720510499413784e+00 2.246863607057083545e+00
1.807994972288935909e+00 1.817138068846605670e+00 1.826281165404275431e+00 1.835424261961944969e+00 1.844567358519614952e+00 1.853710455077284491e+00 1.862853551634954252e+00 1.871996648192624235e+00 1.881139744750293774e+00 1.890282841307963313e+00 1.899425937865633074e+00 1.908569034423303057e+00 1.917712130980972596e+00 1.926855227538642357e+00 1.935998324096312118e+00 1.945141420653981879e+00 1.954284517211651639e+00 1.963427613769321400e+00 1.972570710326990939e+00 1.981713806884660922e+00 1.990856903442330683e+00 2.000000000000000444e+00 2.009143096557670205e+00 2.018286193115339966e+00 2.027429289673009727e+00 2.036572386230679044e+00 2.045715482788349249e+00 2.054858579346019010e+00 2.064001675903688326e+00 2.073144772461358087e+00 2.082287869019027848e+00 2.091430965576697609e+00 2.100574062134367814e+00 2.109717158692037131e+00 2.118860255249706892e+00 2.128003351807376653e+00 2.137146448365046414e+00 2.146289544922716175e+00 2.155432641480385936e+00 2.164575738038055697e+00 2.173718834595725902e+00 2.182861931153395219e+00 2.192005027711064979e+00 2.201148124268734740e+00 2.210291220826404501e+00 2.219434317384074262e+00 2.228577413941743579e+00 2.237720510499413784e+00 2.246863607057083545e+00 2.256006703614753306e+00
1.817138068846605670e+00 1.826281165404275209e+00 1.835424261961944969e+00 1.844567358519614952e+00 1.853710455077284491e+00 1.862853551634954030e+00 1.871996648192623791e+00 1.881139744750293774e+00 1.890282841307963313e+00 1.899425937865633518e+00 1.908569034423303057e+00 1.917712130980972596e+00 1.926855227538642357e+00 1.935998324096312340e+00 1.945141420653981879e+00 1.954284517211651639e+00 1.963427613769321400e+00 1.972570710326991161e+00 1.981713806884660922e+00 1.990856903442330683e+00 2.000000000000000444e+00 2.009143096557670205e+00 2.018286193115339966e+00 2.027429289673009727e+00 2.036572386230679488e+00 2.045715482788349249e+00 2.054858579346019010e+00 2.064001675903688326e+00 2.073144772461358087e+00 2.082287869019027848e+00 2.091430965576697609e+00 2.100574062134367814e+00 2.109717158692037131e+00 2.118860255249706892e+00 2.128003351807376653e+00 2.137146448365046414e+00 2.146289544922716175e+00 2.155432641480386380e+00 2.164575738038055697e+00 2.173718834595725458e+00 2.182861931153395219e+00 2.192005027711064979e+00 2.201148124268734740e+00 2.210291220826404057e+00 2.219434317384074262e+00 2.228577413941744023e+00 2.237720510499413784e+00 2.246863607057083545e+00 2.256006703614753306e+00 2.265149800172422623e+00
1.826281165404275209e+00 1.835424261961944747e+00 1.844567358519614730e+00 1.853710455077284491e+00 1.862853551634954474e+00 1.871996648192624013e+00 1.881139744750293552e+00 1.890282841307963313e+00 1.899425937865633296e+00 1.908569034423302835e+00 1.917712130980972596e+00 1.926855227538642579e+00 1.935998324096312118e+00 1.945141420653981879e+00 1.954284517211651639e+00 1.963427613769321400e+00 1.972570710326991161e+00 1.981713806884660922e+00 1.990856903442330461e+00 2.000000000000000444e+00 2.009143096557670205e+00 2.018286193115339966e+00 2.027429289673009283e+00 2.036572386230679044e+00 2.045715482788349249e+00 2.054858579346018566e+00 2.064001675903688326e+00 2.073144772461358087e+00 2.082287869019027848e+00 2.091430965576697609e+00 2.100574062134367370e+00 2.109717158692037131e+00 2.118860255249707336e+00 2.128003351807376653e+00 2.137146448365046414e+00 2.146289544922716175e+00 2.155432641480385936e+00 2.164575738038055697e+00 2.173718834595725458e+00 2.182861931153395219e+00 2.192005027711064979e+00 2.201148124268734740e+00 2.210291220826404501e+00 2.219434317384074262e+00 2.228577413941743579e+00 2.237720510499413784e+00 2.246863607057083101e+00 2.256006703614753306e+00 2.265149800172422623e+00 2.274292896730092828e+00
1.835424261961944969e+00 1.844567358519614730e+00 1.853710455077284491e+00 1.862853551634954252e+00 1.871996648192624013e+00 1.881139744750293774e+00 1.890282841307963535e+00 1.899425937865633296e+00 1.908569034423302835e+00 1.917712130980972596e+00 1.926855227538642579e+00 1.935998324096312118e+00 1.945141420653981879e+00 1.954284517211651639e+00 1.963427613769321178e+00 1.972570710326991161e+00 1.981713806884660922e+00 1.990856903442330461e+00 2.000000000000000000e+00 2.009143096557670205e+00 2.018286193115339966e+00 2.027429289673009283e+00 2.036572386230679488e+00 2.045715482788349249e+00 2.054858579346018566e+00 2.064001675903688326e+00 2.073144772461358087e+00 2.082287869019027848e+00 2.091430965576697609e+00 2.100574062134367370e+00 2.109717158692037131e+00 2.118860255249706892e+00 2.128003351807376653e+00 2.137146448365046414e+00 2.146289544922716175e+00 2.155432641480385492e+00 2.164575738038055697e+00 2.173718834595725458e+00 2.182861931153395219e+00 2.192005027711064979e+00 2.201148124268734740e+00 2.210291220826404501e+00 2.219434317384074262e+00 2.228577413941743579e+00 2.237720510499413784e+00 2.246863607057083101e+00 2.256006703614752862e+00 2.265149800172423067e+00 2.274292896730092828e+00 2.283435993287762145e+00
1.844567358519614730e+00 1.853710455077284491e+00 1.862853551634954252e+00 1.871996648192624013e+00 1.881139744750293552e+00 1.890282841307963535e+00 1.899425937865633296e+00 1.908569034423302835e+00 1.917712130980972596e+00 1.926855227538642579e+00 1.935998324096312118e+00 1.945141420653981879e+00 1.954284517211651862e+00 1.963427613769321400e+00 1.972570710326991161e+00 1.981713806884660922e+00 1.990856903442330461e+00 2.000000000000000444e+00 2.009143096557670205e+00 2.018286193115339966e+00 2.027429289673009727e+00 2.036572386230679044e+00 2.045715482788349249e+00 2.054858579346018566e+00 2.064001675903688771e+00 2.073144772461358532e+00 2.082287869019027848e+00 2.091430965576697609e+00 2.100574062134367370e+00 2.109717158692037131e+00 2.118860255249706892e+00 2.128003351807376653e+00 2.137146448365046414e+00 2.146289544922716175e+00 2.155432641480385492e+00 2.164575738038055697e+00 2.173718834595725014e+00 2.182861931153395219e+00 2.192005027711064979e+00 2.201148124268734740e+00 2.210291220826404501e+00 2.219434317384074262e+00 2.228577413941743579e+00 2.237720510499413340e+00 2.246863607057083101e+00 2.256006703614753306e+00 2.265149800172422623e+00 2.274292896730092828e+00 2.283435993287762145e+00 2.292579089845431906e+00
1.853710455077284491e+00 1.862853551634954252e+00 1.871996648192624013e+00 1.881139744750293774e+00 1.890282841307963535e+00 1.899425937865633296e+00 1.908569034423302835e+00 1.917712130980972818e+00 1.926855227538642579e+00 1.935998324096312118e+00 1.945141420653981879e+00 1.954284517211651639e+00 1.963427613769321400e+00 1.972570710326991161e+00 1.981713806884660700e+00 1.990856903442330461e+00 2.000000000000000000e+00 2.009143096557670205e+00 2.018286193115339966e+00 2.027429289673009283e+00 2.036572386230679044e+00 2.045715482788349249e+00 2.054858579346018566e+00 2.064001675903688326e+00 2.073144772461358532e+00 2.082287869019027848e+00 2.091430965576697609e+00 2.100574062134367370e+00 2.109717158692037131e+00 2.118860255249706892e+00 2.128003351807376653e+00 2.137146448365046414e+00 2.146289544922716175e+00 2.155432641480385492e+00 2.164575738038055697e+00 2.173718834595725014e+00 2.182861931153395219e+00 2.192005027711064979e+00 2.201148124268734740e+00 2.210291220826404501e+00 2.219434317384074262e+00 2.228577413941743579e+00 2.237720510499413340e+00 2.246863607057083101e+00 2.256006703614752862e+00 2.265149800172423067e+00 2.274292896730092828e+00 2.283435993287762145e+00 2.292579089845431906e+00 2.301722186403101666e+00
1.862853551634954252e+00 1.871996648192624013e+00 1.881139744750293552e+00 1.890282841307963535e+00 1.899425937865633296e+00 1.908569034423302835e+00 1.917712130980972596e+00 1.926855227538642579e+00 1.935998324096312118e+00 1.945141420653981879e+00 1.954284517211651862e+00 1.963427613769321400e+00 1.972570710326991161e+00 1.981713806884660700e+00 1.990856903442330683e+00 2.000000000000000444e+00 2.009143096557670205e+00 2.018286193115339966e+00 2.027429289673009283e+00 2.036572386230679488e+00 2.045715482788349249e+00 2.054858579346018566e+00 2.064001675903688771e+00 2.073144772461358532e+00 2.082287869019027848e+00 2.091430965576697609e+00 2.100574062134367370e+00 2.109717158692037131e+00 2.118860255249706892e+00 2.128003351807376653e+00 2.137146448365046414e+00 2.146289544922716175e+00 2.155432641480385936e+00 2.164575738038055697e+00 2.173718834595725014e+00 2.182861931153395219e+00 2.192005027711064979e+00 2.201148124268734740e+00 2.210291220826404501e+00 2.219434317384074262e+00 2.228577413941743579e+00 2.237720510499413340e+00 2.246863607057083545e+00 2.256006703614753306e+00 2.265149800172422623e+00 2.274292896730092828e+00 2.283435993287762145e+00 2.292579089845431906e+00 2.301722186403101666e+00 2.310865282960771427e+00
1.871996648192624013e+00 1.881139744750293774e+00 1.890282841307963535e+00 1.899425937865633074e+00 1.908569034423302835e+00 1.917712130980972596e+00 1.926855227538642357e+00 1.935998324096312118e+00 1.945141420653981656e+00 1.954284517211651639e+00 1.963427613769321400e+00 1.972570710326990939e+00 1.981713806884660922e+00 1.990856903442330683e+00 2.000000000000000000e+00 2.009143096557670205e+00 2.018286193115339966e+00 2.027429289673009727e+00 2.036572386230679488e+00 2.045715482788349249e+00 2.054858579346018566e+00 2.064001675903688771e+00 2.073144772461358087e+00 2.082287869019027848e+00 2.091430965576697609e+00 2.100574062134367370e+00 2.109717158692037131e+00 2.118860255249706892e+00 2.128003351807376653e+00 2.137146448365046414e+00 2.146289544922716175e+00 2.155432641480385936e+00 2.164575738038055697e+00 2.173718834595725014e+00 2.182861931153395219e+00 2.192005027711064535e+00 2.201148124268734296e+00 2.210291220826404501e+00 2.219434317384074262e+00 2.228577413941743579e+00 2.237720510499413784e+00 2.246863607057083101e+00 2.256006703614752862e+00 2.265149800172423067e+00 2.274292896730092828e+00 2.283435993287762145e+00 2.292579089845432350e+00 2.301722186403101666e+00 2.310865282960771427e+00 2.320008379518441188e+00
1.881139744750293774e+00 1.890282841307963313e+00 1.899425937865633074e+00 1.908569034423303057e+00 1.917712130980972596e+00 1.926855227538642357e+00 1.935998324096312118e+00 1.945141420653981879e+00 1.954284517211651639e+00 1.963427613769321400e+00 1.972570710326990939e+00 1.981713806884660700e+00 1.990856903442330683e+00 2.000000000000000000e+00 2.009143096557670205e+00 2.018286193115339522e+00 2.027429289673009727e+00 2.036572386230679044e+00 2.045715482788348805e+00 2.054858579346019010e+00 2.064001675903688771e+00 2.073144772461358087e+00 2.082287869019027848e+00 2.091430965576697609e+00 2.100574062134367370e+00 2.109717158692037131e+00 2.118860255249706892e+00 2.128003351807376653e+00 2.137146448365046414e+00 2.146289544922716175e+00 2.155432641480385936e+00 2.164575738038055697e+00 2.173718834595725458e+00 2.182861931153395219e+00 2.192005027711064535e+00 2.201148124268734296e+00 2.210291220826404057e+00 2.219434317384074262e+00 2.228577413941744023e+00 2.237720510499413784e+00 2.246863607057083101e+00 2.256006703614752862e+00 2.265149800172422623e+00 2.274292896730092828e+00 2.283435993287762145e+00 2.292579089845432350e+00 2.301722186403101666e+00 2.310865282960771427e+00 2.320008379518441188e+00 2.329151476076110505e+00
1.890282841307963535e+00 1.899425937865633296e+00 1.908569034423303279e+00 1.917712130980972818e+00 1.926855227538642801e+00 1.935998324096312340e+00 1.945141420653982101e+00 1.954284517211651862e+00 1.963427613769321622e+00 1.972570710326991161e+00 1.981713806884661366e+00 1.990856903442330905e+00 2.000000000000000444e+00 2.009143096557670205e+00 2.018286193115339966e+00 2.027429289673009727e+00 2.036572386230679488e+00 2.045715482788349249e+00 2.054858579346018566e+00 2.064001675903688771e+00 2.073144772461358532e+00 2.082287869019028292e+00 2.091430965576697609e+00 2.100574062134367814e+00 2.109717158692037131e+00 2.118860255249706892e+00 2.128003351807377097e+00 2.137146448365046858e+00 2.146289544922716175e+00 2.155432641480385936e+00 2.164575738038055697e+00 2.173718834595725458e+00 2.182861931153395219e+00 2.192005027711064979e+00 2.201148124268734740e+00 2.210291220826404501e+00 2.219434317384074262e+00 2.228577413941744023e+00 2.237720510499413784e+00 2.246863607057083545e+00 2.256006703614753306e+00 2.265149800172423067e+00 2.274292896730092828e+00 2.283435993287762589e+00 2.292579089845432350e+00 2.301722186403101666e+00 2.310865282960771427e+00 2.320008379518441188e+00 2.329151476076111393e+00 2.338294572633780710e+00
1.899425937865633296e+00 1.908569034423303279e+00 1.917712130980972818e+00 1.926855227538642801e+00 1.935998324096312340e+00 1.945141420653982101e+00 1.954284517211652084e+00 1.963427613769321622e+00 1.972570710326991161e+00 1.981713806884660700e+00 1.990856903442330905e+00 2.000000000000000444e+00 2.009143096557670205e+00 2.018286193115339966e+00 2.027429289673009727e+00 2.036572386230679488e+00 2.045715482788349249e+00 2.054858579346019010e+00 2.064001675903688771e+00 2.073144772461358532e+00 2.082287869019028292e+00 2.091430965576698053e+00 2.100574062134367814e+00 2.109717158692037131e+00 2.118860255249707336e+00 2.128003351807376653e+00 2.137146448365046858e+00 2.146289544922716175e+00 2.155432641480385936e+00 2.164575738038055697e+00 2.173718834595725458e+00 2.182861931153395219e+00 2.192005027711064979e+00 2.201148124268734740e+00 2.210291220826404501e+00 2.219434317384074262e+00 2.228577413941743579e+00 2.237720510499413784e+00 2.246863607057083545e+00 2.256006703614753306e+00 2.265149800172422623e+00 2.274292896730092828e+00 2.283435993287762589e+00 2.292579089845432350e+00 2.301722186403101666e+00 2.310865282960771872e+00 2.320008379518441188e+00 2.329151476076111393e+00 2.338294572633781154e+00 2.347437669191450915e+00
1.908569034423303057e+00 1.917712130980972818e+00 1.926855227538642579e+00 1.935998324096312340e+00 1.945141420653981879e+00 1.954284517211651862e+00 1.963427613769321400e+00 1.972570710326991161e+00 1.981713806884661144e+00 1.990856903442330683e+00 2.000000000000000444e+00 2.009143096557670205e+00 2.018286193115339966e+00 2.027429289673009727e+00 2.036572386230679488e+00 2.045715482788349249e+00 2.054858579346019010e+00 2.064001675903688771e+00 2.073144772461358087e+00 2.082287869019028292e+00 2.091430965576698053e+00 2.100574062134367814e+00 2.109717158692037575e+00 2.118860255249706892e+00 2.128003351807376653e+00 2.137146448365046414e+00 2.146289544922716175e+00 2.155432641480385936e+00 2.164575738038055697e+00 2.173718834595725458e+00 2.182861931153395219e+00 2.192005027711064535e+00 2.201148124268734296e+00 2.210291220826404501e+00 2.219434317384074262e+00 2.228577413941743579e+00 2.237720510499413784e+00 2.246863607057083545e+00 2.256006703614753306e+00 2.265149800172423067e+00 2.274292896730092828e+00 2.283435993287762145e+00 2.292579089845432350e+00 2.301722186403102111e+00 2.310865282960771872e+00 2.320008379518441188e+00 2.329151476076110949e+00 2.338294572633780710e+00 2.347437669191450915e+00 2.356580765749120232e+00
1.917712130980972596e+00 1.926855227538642801e+00 1.935998324096312340e+00 1.945141420653981879e+00 1.954284517211651862e+00 1.963427613769321622e+00 1.972570710326991161e+00 1.981713806884661144e+00 1.990856903442330683e+00 2.000000000000000444e+00 2.009143096557670205e+00 2.018286193115339966e+00 2.027429289673009727e+00 2.036572386230679488e+00 2.045715482788349249e+00 2.054858579346019010e+00 2.064001675903688771e+00 2.073144772461358087e+00 2.082287869019027848e+00 2.091430965576697609e+00 2.100574062134367814e+00 2.109717158692037131e+00 2.118860255249706892e+00 2.128003351807376653e+00 2.137146448365046414e+00 2.146289544922716175e+00 2.155432641480386380e+00 2.164575738038055697e+00 2.173718834595725458e+00 2.182861931153395219e+00 2.192005027711064979e+00 2.201148124268734740e+00 2.210291220826404501e+00 2.219434317384074262e+00 2.228577413941744023e+00 2.237720510499413340e+00 2.246863607057083101e+00 2.256006703614753306e+00 2.265149800172423067e+00 2.274292896730092828e+00 2.283435993287762145e+00 2.292579089845432350e+00 2.301722186403102111e+00 2.310865282960771872e+00 2.320008379518441188e+00 2.329151476076110949e+00 2.338294572633780710e+00 2.347437669191450915e+00 2.356580765749120232e+00 2.365723862306789993e+00
1.926855227538642579e+00 1.935998324096312340e+00 1.945141420653981879e+00 1.954284517211651862e+00 1.963427613769321400e+00 1.972570710326991161e+00 1.981713806884661144e+00 1.990856903442330683e+00 2.000000000000000444e+00 2.009143096557670205e+00 2.018286193115339966e+00 2.027429289673009727e+00 2.036572386230679044e+00 2.045715482788349249e+00 2.054858579346019010e+00 2.064001675903688771e+00 2.073144772461358087e+00 2.082287869019028292e+00 2.091430965576697609e+00 2.100574062134367814e+00 2.109717158692037575e+00 2.118860255249707336e+00 2.128003351807376653e+00 2.137146448365046414e+00 2.146289544922716175e+00 2.155432641480386380e+00 2.164575738038055697e+00 2.173718834595725458e+00 2.182861931153395219e+00 2.192005027711064979e+00 2.201148124268734296e+00 2.210291220826404501e+00 2.219434317384074262e+00 2.228577413941743579e+00 2.237720510499413784e+00 2.246863607057083101e+00 2.256006703614752862e+00 2.265149800172423067e+00 2.274292896730092828e+00 2.283435993287762145e+00 2.292579089845432350e+00 2.301722186403102111e+00 2.310865282960771872e+00 2.320008379518441188e+00 2.329151476076110949e+00 2.338294572633780710e+00 2.347437669191450915e+00 2.356580765749120232e+00 2.365723862306790437e+00 2.374866958864459754e+00
1.935998324096312340e+00 1.945141420653981879e+00 1.954284517211651862e+00 1.963427613769321622e+00 1.972570710326991161e+00 1.981713806884661144e+00 1.990856903442330683e+00 2.000000000000000444e+00 2.009143096557670205e+00 2.018286193115339966e+00 2.027429289673009727e+00 2.036572386230679488e+00 2.045715482788349249e+00 2.054858579346019010e+00 2.064001675903688326e+00 2.073144772461358087e+00 2.082287869019028292e+00 2.091430965576697609e+00 2.100574062134367814e+00 2.109717158692037131e+00 2.118860255249707336e+00 2.128003351807377097e+00 2.137146448365046414e+00 2.146289544922716175e+00 2.155432641480386380e+00 2.164575738038055697e+00 2.173718834595725458e+00 2.182861931153395219e+00 2.192005027711064979e+00 2.201148124268734740e+00 2.210291220826404501e+00 2.219434317384074262e+00 2.228577413941744023e+00 2.237720510499413784e+00 2.246863607057083545e+00 2.256006703614752862e+00 2.265149800172422623e+00 2.274292896730092828e+00 2.283435993287762589e+00 2.292579089845432350e+00 2.301722186403102111e+00 2.310865282960771872e+00 2.320008379518441188e+00 2.329151476076111393e+00 2.338294572633780710e+00 2.347437669191450915e+00 2.356580765749120232e+00 2.365723862306789993e+00 2.374866958864459754e+00 2.384010055422129515e+00
1.945141420653982101e+00 1.954284517211651639e+00 1.963427613769321622e+00 1.972570710326991383e+00 1.981713806884660922e+00 1.990856903442330683e+00 2.000000000000000444e+00 2.009143096557670205e+00 2.018286193115339966e+00 2.027429289673009727e+00 2.036572386230679044e+00 2.045715482788349249e+00 2.054858579346019010e+00 2.064001675903688326e+00 2.073144772461358532e+00 2.082287869019028292e+00 2.091430965576697609e+00 2.100574062134367814e+00 2.109717158692037131e+00 2.118860255249707336e+00 2.128003351807377097e+00 2.137146448365046858e+00 2.146289544922716175e+00 2.155432641480386380e+00 2.164575738038055697e+00 2.173718834595725902e+00 2.182861931153395219e+00 2.192005027711064979e+00 2.201148124268734740e+00 2.210291220826404501e+00 2.219434317384074262e+00 2.228577413941743579e+00 2.237720510499413784e+00 2.246863607057083545e+00 2.256006703614752862e+00 2.265149800172423067e+00 2.274292896730092828e+00 2.283435993287762145e+00 2.292579089845432350e+00 2.301722186403102111e+00 2.310865282960771872e+00 2.320008379518441188e+00 2.329151476076110949e+00 2.338294572633780710e+00 2.347437669191450915e+00 2.356580765749120232e+00 2.365723862306790437e+00 2.374866958864459754e+00 2.384010055422129515e+00 2.393153151979799276e+00
1.954284517211651862e+00 1.963427613769321400e+00 1.972570710326991161e+00 1.981713806884660922e+00 1.990856903442330683e+00 2.000000000000000444e+00 2.009143096557670205e+00 2.018286193115339966e+00 2.027429289673009283e+00 2.036572386230679488e+00 2.045715482788349249e+00 2.054858579346018566e+00 2.064001675903688771e+00 2.073144772461358532e+00 2.082287869019027848e+00 2.091430965576697609e+00 2.100574062134367814e+00 2.109717158692037131e+00 2.118860255249707336e+00 2.128003351807376653e+00 2.137146448365046858e+00 2.146289544922716175e+00 2.155432641480385936e+00 2.164575738038055697e+00 2.173718834595725458e+00 2.182861931153395219e+00 2.192005027711064979e+00 2.201148124268734740e+00 2.210291220826404501e+00 2.219434317384074262e+00 2.228577413941744023e+00 2.237720510499413784e+00 2.246863607057083101e+00 2.256006703614752862e+00 2.265149800172422623e+00 2.274292896730092384e+00 2.283435993287762145e+00 2.292579089845431906e+00 2.301722186403101666e+00 2.310865282960771872e+00 2.320008379518441632e+00 2.329151476076111393e+00 2.338294572633780710e+00 2.347437669191450471e+00 2.356580765749120232e+00 2.365723862306789993e+00 2.374866958864459754e+00 2.384010055422129515e+00 2.393153151979799276e+00 2.402296248537469037e+00
1.963427613769321400e+00 1.972570710326991161e+00 1.981713806884660922e+00 1.990856903442330683e+00 2.000000000000000444e+00 2.009143096557670205e+00 2.018286193115339966e+00 2.027429289673009727e+00 2.036572386230679488e+00 2.045715482788349249e+00 2.054858579346018566e+00 2.064001675903688771e+00 2.073144772461358532e+00 2.082287869019027848e+00 2.091430965576697609e+00 2.100574062134367370e+00 2.109717158692037131e+00 2.118860255249706892e+00 2.128003351807376653e+00 2.137146448365046858e+00 2.146289544922716175e+00 2.155432641480385936e+00 2.164575738038055697e+00 2.173718834595725458e+00 2.182861931153395219e+00 2.192005027711064979e+00 2.201148124268734740e+00 2.210291220826404501e+00 2.219434317384074262e+00 2.228577413941743579e+00 2.237720510499413784e+00 2.246863607057083101e+00 2.256006703614753306e+00 2.265149800172422623e+00 2.274292896730092384e+00 2.283435993287762145e+00 2.292579089845431906e+00 2.301722186403101666e+00 2.310865282960771872e+00 2.320008379518441188e+00 2.329151476076111393e+00 2.338294572633780710e+00 2.347437669191450915e+00 2.356580765749120232e+00 2.365723862306789993e+00 2.374866958864459754e+00 2.384010055422129515e+00 2.393153151979799276e+00 2.402296248537469037e+00 2.411439345095138798e+00
1.972570710326991161e+00 1.981713806884660922e+00 1.990856903442330905e+00 2.000000000000000444e+00 2.009143096557670205e+00 2.018286193115339966e+00 2.027429289673009727e+00 2.036572386230679488e+00 2.045715482788349249e+00 2.054858579346018566e+00 2.064001675903688771e+00 2.073144772461358532e+00 2.082287869019028292e+00 2.091430965576697609e+00 2.100574062134367814e+00 2.109717158692037131e+00 2.118860255249706892e+00 2.128003351807376653e+00 2.137146448365046414e+00 2.146289544922716175e+00 2.155432641480385936e+00 2.164575738038055697e+00 2.173718834595725458e+00 2.182861931153395219e+00 2.192005027711064979e+00 2.201148124268734740e+00 2.210291220826404501e+00 2.219434317384074262e+00 2.228577413941743579e+00 2.237720510499413340e+00 2.246863607057083101e+00 2.256006703614752862e+00 2.265149800172422623e+00 2.274292896730092384e+00 2.283435993287762145e+00 2.292579089845431906e+00 2.301722186403101666e+00 2.310865282960771427e+00 2.320008379518441188e+00 2.329151476076111393e+00 2.338294572633780710e+00 2.347437669191450471e+00 2.356580765749120232e+00 2.365723862306789993e+00 2.374866958864459754e+00 2.384010055422129515e+00 2.393153151979799276e+00 2.402296248537469037e+00 2.411439345095138798e+00 2.420582441652808114e+00
1.981713806884660700e+00 1.990856903442330905e+00 2.000000000000000444e+00 2.009143096557670205e+00 2.018286193115339966e+00 2.027429289673009727e+00 2.036572386230679488e+00 2.045715482788349249e+00 2.054858579346018566e+00 2.064001675903688771e+00 2.073144772461358532e+00 2.082287869019028292e+00 2.091430965576698053e+00 2.100574062134367370e+00 2.109717158692037131e+00 2.118860255249706892e+00 2.128003351807376653e+00 2.137146448365046414e+00 2.146289544922716175e+00 2.155432641480385936e+00 2.164575738038055697e+00 2.173718834595725458e+00 2.182861931153395219e+00 2.192005027711064979e+00 2.201148124268734740e+00 2.210291220826404501e+00 2.219434317384074262e+00 2.228577413941743579e+00 2.237720510499413340e+00 2.246863607057083545e+00 2.256006703614753306e+00 2.265149800172422623e+00 2.274292896730092384e+00 2.283435993287762145e+00 2.292579089845431906e+00 2.301722186403101666e+00 2.310865282960771427e+00 2.320008379518441188e+00 2.329151476076111393e+00 2.338294572633780710e+00 2.347437669191450471e+00 2.356580765749120232e+00 2.365723862306789993e+00 2.374866958864459754e+00 2.384010055422129515e+00 2.393153151979799276e+00 2.402296248537469037e+00 2.411439345095138798e+00 2.420582441652808559e+00 2.429725538210478319e+00
1.990856903442330905e+00 2.000000000000000444e+00 2.009143096557670205e+00 2.018286193115339966e+00 2.027429289673009727e+00 2.036572386230679488e+00 2.045715482788349249e+00 2.054858579346018566e+00 2.064001675903688771e+00 2.073144772461358532e+00 2.082287869019028292e+00 2.091430965576697609e+00 2.100574062134367370e+00 2.109717158692037131e+00 2.118860255249706892e+00 2.128003351807376653e+00 2.137146448365046414e+00 2.146289544922716175e+00 2.155432641480385936e+00 2.164575738038056141e+00 2.173718834595725458e+00 2.182861931153395219e+00 2.192005027711064979e+00 2.201148124268734740e+00 2.210291220826404501e+00 2.219434317384074262e+00 2.228577413941743579e+00 2.237720510499413340e+00 2.246863607057083101e+00 2.256006703614753306e+00 2.265149800172422623e+00 2.274292896730092384e+00 2.283435993287762145e+00 2.292579089845431906e+00 2.301722186403101666e+00 2.310865282960771427e+00 2.320008379518441188e+00 2.329151476076111393e+00 2.338294572633780710e+00 2.347437669191450471e+00 2.356580765749120232e+00 2.365723862306789993e+00 2.374866958864459754e+00 2.384010055422129959e+00 2.393153151979799276e+00 2.402296248537469037e+00 2.411439345095138798e+00 2.420582441652808114e+00 2.429725538210478319e+00 2.438868634768147636e+00
2.000000000000000444e+00 2.009143096557670205e+00 2.018286193115339966e+00 2.027429289673009727e+00 2.036572386230679488e+00 2.045715482788349249e+00 2.054858579346019010e+00 2.064001675903688771e+00 2.073144772461358532e+00 2.082287869019027848e+00 2.091430965576698053e+00 2.100574062134367370e+00 2.109717158692037131e+00 2.118860255249706892e+00 2.128003351807376653e+00 2.137146448365046414e+00 2.146289544922716175e+00 2.155432641480385936e+00 2.164575738038055697e+00 2.173718834595725458e+00 2.182861931153395219e+00 2.192005027711064979e+00 2.201148124268734740e+00 2.210291220826404501e+00 2.219434317384074262e+00 2.228577413941744023e+00 2.237720510499413340e+00 2.246863607057083545e+00 2.256006703614753306e+00 2.265149800172422623e+00 2.274292896730092384e+00 2.283435993287762145e+00 2.292579089845431906e+00 2.301722186403101666e+00 2.310865282960771427e+00 2.320008379518441188e+00 2.329151476076110949e+00 2.338294572633781154e+00 2.347437669191450915e+00 2.356580765749120232e+00 2.365723862306789993e+00 2.374866958864459754e+00 2.384010055422129515e+00 2.393153151979799276e+00 2.402296248537469037e+00 2.411439345095138798e+00 2.420582441652808559e+00 2.429725538210478319e+00 2.438868634768147636e+00 2.448011731325817397e+00
