1.335064194738005972e+00 1.336514422633957144e+00 1.336680920858324795e+00 1.335612563236753481e+00 1.333351792283778092e+00 1.329935558053060962e+00 1.325396065053114247e+00 1.319761371927191673e+00 1.313055876404996214e+00 1.305300709514598090e+00 1.296514056976152851e+00 1.286711421301189873e+00 1.275905834878001244e+00 1.264108031890216255e+00 1.251326585056314222e+00 1.237568011728361173e+00 1.222836852731614243e+00 1.207135726377485785e+00 1.190465359276375423e+00 1.172824594863689063e+00 1.154210379890189486e+00 1.134617728479563326e+00 1.114039662685855969e+00 1.092467127753368406e+00 1.069888879448462227e+00 1.046291339843447687e+00 1.021658416719106288e+00 9.959712802230865636e-01 9.692080884504410410e-01 9.413436510223158749e-01 9.123490162732352804e-01 8.821909629403901221e-01 8.508313707161199169e-01 8.182264348149310695e-01 7.843256764696662220e-01 7.490706818451942084e-01 7.123934726805984941e-01 6.742143669970256381e-01 6.344391168194802866e-01 5.929549926622221800e-01 5.496252844579760932e-01 5.042813310092235657e-01 4.567105147444792124e-01 4.066372948365212792e-01 3.536913563246873449e-01 2.973496160574329306e-01 2.368179799263664398e-01 1.707450303269228975e-01 9.628049121023481149e-02 9.522737925019320168e-16
1.336485248197804454e+00 1.338333009124205386e+00 1.338879840413661482e+00 1.338176808884632640e+00 1.336268207204221348e+00 1.333192563717063184e+00 1.328983443119966523e+00 1.323670087485159019e+00 1.317277933451346472e+00 1.309829031897617568e+00 1.301342389684692735e+00 1.291834248194425827e+00 1.281318309836766867e+00 1.269805921033807516e+00 1.257306218168208423e+00 1.243826241414542899e+00 1.229371020126843295e+00 1.213943632439488773e+00 1.197545240880888429e+00 1.180175105045193629e+00 1.161830571671193857e+00 1.142507041799701195e+00 1.122197913982633022e+00 1.100894501758233446e+00 1.078585922741204239e+00 1.055258955647068841e+00 1.030897860303385816e+00 1.005484154097247451e+00 9.789963362310484252e-01 9.514095484104310163e-01 9.226951568836261330e-01 8.928202356647002569e-01 8.617469236582961933e-01 8.294316182558801875e-01 7.958239531941680989e-01 7.608654864389822192e-01 7.244879901715111092e-01 6.866111819141926809e-01 6.471396494838954627e-01 6.059585763208811260e-01 5.629276148501316523e-01 5.178717710962151832e-01 4.705671946095087987e-01 4.207176592460226683e-01 3.679124056449871727e-01 3.115416253607101171e-01 2.505954828886920449e-01 1.830160263461986236e-01 9.962338946616262902e-02 6.880882395699963738e-02
1.336571463898251988e+00 1.338798726185544519e+00 1.339706126807455933e+00 1.339346990053020603e+00 1.337767491543301102e+00 1.335007745145643021e+00 1.331102661527131525e+00 1.326082633253766740e+00 1.319974085949907838e+00 1.312799924407585639e+00 1.304579895052772054e+00 1.295330880806841112e+00 1.285067140459409396e+00 1.273800501751924497e+00 1.261540515161149401e+00 1.248294573662057427e+00 1.234068002395170893e+00 1.218864121058808925e+00 1.202684280913320025e+00 1.185527877460657020e+00 1.167392339097646392e+00 1.148273091289376158e+00 1.128163495025555907e+00 1.107054757459370986e+00 1.084935811628733093e+00 1.061793160952997805e+00 1.037610682690109920e+00 1.012369382600395884e+00 9.860470905102992623e-01 9.586180830352877269e-01 9.300526150087696786e-01 9.003163345687413832e-01 8.693695474348066554e-01 8.371662821624632489e-01 8.036530876235312704e-01 7.687674624611412488e-01 7.324357665047847021e-01 6.945703828170489702e-01 6.550657608695171774e-01 6.137927254896053952e-01 5.705899740141606724e-01 5.252507547903823015e-01 4.775006878743911498e-01 4.269577326332700817e-01 3.730512868031831131e-01 3.148280504213980535e-01 2.503196121617315417e-01 1.705298564475126177e-01 1.436501242124370303e-01 1.163752648341933871e-01
1.335380995917375024e+00 1.337972252827457131e+00 1.339223067799257594e+00 1.339189107167064074e+00 1.337918480806086219e+00 1.335452913128181374e+00 1.331828664288069008e+00 1.327077262603354901e+00 1.321226091841157357e+00 1.314298865122636162e+00 1.306316008862306921e+00 1.297294974208685225e+00 1.287250489124942998e+00 1.276194761041384851e+00 1.264137637588431229e+00 1.251086731047629907e+00 1.237047510675914896e+00 1.222023365846946596e+00 1.206015641924451209e+00 1.189023649866415955e+00 1.171044649697223550e+00 1.152073807123675797e+00 1.132104121656265283e+00 1.111126323568678798e+00 1.089128735813502669e+00 1.066097095516011173e+00 1.042014327762736503e+00 1.016860261906704643e+00 9.906112772652629905e-01 9.632398605005365599e-01 9.347140505550988188e-01 9.049967378445460398e-01 8.740447710109066071e-01 8.418078044959638184e-01 8.082267894029580013e-01 7.732319613950874304e-01 7.367400996362598597e-01 6.986506950453454934e-01 6.588404242125300847e-01 6.171548697559364749e-01 5.733955104493542176e-01 5.272979948953371299e-01 4.784928042859847852e-01 4.264255043131597311e-01 3.701647648708709104e-01 3.077749287899205211e-01 2.303235408758802505e-01 2.059356673687600114e-01 1.811317019946369899e-01 1.559090017587150823e-01
1.332963862799436461e+00 1.335905699927333767e+00 1.337484912403205994e+00 1.337759610972528268e+00 1.336779906549175667e+00 1.334589173227055392e+00 1.331225037567555614e+00 1.326720162063389719e+00 1.321102871078607244e+00 1.314397654206683752e+00 1.306625572687979853e+00 1.297804587921143726e+00 1.287949826318408819e+00 1.277073791221707388e+00 1.265186529933329584e+00 1.252295761860182211e+00 1.238406972141091522e+00 1.223523473789363880e+00 1.207646440237944985e+00 1.190774909142406024e+00 1.172905757309351316e+00 1.154033645610201608e+00 1.134150931645328431e+00 1.113247546663418408e+00 1.091310831718336427e+00 1.068325326130991959e+00 1.044272498836164909e+00 1.019130409873565402e+00 9.928732847427739205e-01 9.654709779966138550e-01 9.368882933833606597e-01 9.070841146045663939e-01 8.760102809325334139e-01 8.436101114638101528e-01 8.098164335430424465e-01 7.745488918735354833e-01 7.377101802312991952e-01 6.991805976224385599e-01 6.588098783015290394e-01 6.164043333141109304e-01 5.717053427438374413e-01 5.243503532737627815e-01 4.737936875095872247e-01 4.191156163389241907e-01 3.583973950497767458e-01 2.827388800668746982e-01 2.602324565205372808e-01 2.373089064424989125e-01 2.139708628418984238e-01 1.902178081233225349e-01
1.329363274762210390e+00 1.332644035405939897e+00 1.334538402528921974e+00 1.335107050272082985e+00 1.334402171065554921e+00 1.332468839616000489e+00 1.329346076393799203e+00 1.325067686343094353e+00 1.319662926345332998e+00 1.313157039944168991e+00 1.305571687441364759e+00 1.296925292124684326e+00 1.287233318089708201e+00 1.276508491217561492e+00 1.264760971936794709e+00 1.251998486134748845e+00 1.238226418784823757e+00 1.223447873371163563e+00 1.207663698907659677e+00 1.190872485171895478e+00 1.173070525625814930e+00 1.154251746294524095e+00 1.134407597536873258e+00 1.113526904063291134e+00 1.091595666604410653e+00 1.068596806125489573e+00 1.044509838155332382e+00 1.019310460269000185e+00 9.929700294466705657e-01 9.654548970170123701e-01 9.367255557290603551e-01 9.067355337937095250e-01 8.754299404478733670e-01 8.427435196233034054e-01 8.085979897010633355e-01 7.728983133931434102e-01 7.355273028000780533e-01 6.963375141368186583e-01 6.551384782636495707e-01 6.116753213301412417e-01 5.655899595520437195e-01 5.163422386746083781e-01 4.630196341887545253e-01 4.037137689670841079e-01 3.295441051601393778e-01 3.085836730072699097e-01 2.872091669124584024e-01 2.654247335251043172e-01 2.432330456311605493e-01 2.206351272963459897e-01
1.324616666840713330e+00 1.328226189394872803e+00 1.330423955772775724e+00 1.331273338723022670e+00 1.330828705381009947e+00 1.329136892335560649e+00 1.326238350184876014e+00 1.322168042198520910e+00 1.316956156517611998e+00 1.310628674395094340e+00 1.303207825330410241e+00 1.294712451764170824e+00 1.285158300119013663e+00 1.274558250659542979e+00 1.262922495404995349e+00 1.250258670828570118e+00 1.236571950083189098e+00 1.221865097834601066e+00 1.206138489328910879e+00 1.189390093965406070e+00 1.171615422289605135e+00 1.152807433866876341e+00 1.132956401831766380e+00 1.112049727892589823e+00 1.090071699017755691e+00 1.067003173675996619e+00 1.042821180960521454e+00 1.017498409612968224e+00 9.910025549692057512e-01 9.632954787261605034e-01 9.343321167960982887e-01 9.040590403376946860e-01 8.724125272549811960e-01 8.393159231251899888e-01 8.046759370110806442e-01 7.683772793396821399e-01 7.302745997166715242e-01 6.901797764652777278e-01 6.478406223140230624e-01 6.029022099631934362e-01 5.548282310974828047e-01 5.027111154865854248e-01 4.446495394093236131e-01 3.717761799434546321e-01 3.521513303928028860e-01 3.321156198017433114e-01 3.116737998146247857e-01 2.908297949904584678e-01 2.695866192381520254e-01 2.479462913166397553e-01
1.318756513100141525e+00 1.322685922404813308e+00 1.325176591212125610e+00 1.326294742505290225e+00 1.326097023606567449e+00 1.324632103719007192e+00 1.321941907252009996e+00 1.318062577684496306e+00 1.313025238071059864e+00 1.306856595175510449e+00 1.299579421143499447e+00 1.291212937484186973e+00 1.281773119595421395e+00 1.271272935286853034e+00 1.259722527170157091e+00 1.247129346015402263e+00 1.233498239951789754e+00 1.218831502525475452e+00 1.203128880966329639e+00 1.186387544432264463e+00 1.168602010374695688e+00 1.149764025375334064e+00 1.129862394692962679e+00 1.108882752135004868e+00 1.086807258463984294e+00 1.063614211973832990e+00 1.039277548539909724e+00 1.013766199451938022e+00 9.870432622336180462e-01 9.590649200599925539e-01 9.297790152777032358e-01 8.991231348518976541e-01 8.670219874218962897e-01 8.333837184489200078e-01 7.980945721776905311e-01 7.610108607115524393e-01 7.219462960532974094e-01 6.806507568068560499e-01 6.367717074343036687e-01 5.897757145357162001e-01 5.387588661598528006e-01 4.818249904299026776e-01 4.101163182884103309e-01 3.916841712464839143e-01 3.728434757807667643e-01 3.535993230539068444e-01 3.339562644878308895e-01 3.139182696589354338e-01 2.934886831941246887e-01 2.726701803306469385e-01
1.311810974837404942e+00 1.316052514636284920e+00 1.318826662162037255e+00 1.320202659318556293e+00 1.320239551383339149e+00 1.318987919892115945e+00 1.316491213367538826e+00 1.312786782229756088e+00 1.307906691557120471e+00 1.301878363722188237e+00 1.294725088226096332e+00 1.286466425829033478e+00 1.277118526795673503e+00 1.266694377765785751e+00 1.255203987781659869e+00 1.242654520923066386e+00 1.229050380514463914e+00 1.214393247755257921e+00 1.198682075706394290e+00 1.181913037692690516e+00 1.164079427200565009e+00 1.145171504099264048e+00 1.125176279284962444e+00 1.104077226364794884e+00 1.081853904367186425e+00 1.058481469096925087e+00 1.033930041739250738e+00 1.008163890209818891e+00 9.811403591728928841e-01 9.528084545880677325e-01 9.231069410446642864e-01 8.919617321369227581e-01 8.592822211602744176e-01 8.249559620295315865e-01 7.888406625658676008e-01 7.507515490807030734e-01 7.104401794435737383e-01 6.675559332129329393e-01 6.215676465806510009e-01 5.715742578758161718e-01 5.156835606746548173e-01 4.450450518184793647e-01 4.277034298096860088e-01 4.099544179584880266e-01 3.918033670051538353e-01 3.732552268923335914e-01 3.543145258954796262e-01 3.349853487366252214e-01 3.152713136394416082e-01 2.951755481671118897e-01
1.303804420742731951e+00 1.308351317949023818e+00 1.311400441328219868e+00 1.313024238486334649e+00 1.313284283027145616e+00 1.312233157334256051e+00 1.309915890390294102e+00 1.306371070243731447e+00 1.301631713382612521e+00 1.295725948720054976e+00 1.288677557327004175e+00 1.280506397587255707e+00 1.271228737326450364e+00 1.260857508557469808e+00 1.249402496056715162e+00 1.236870467545210461e+00 1.223265250448802632e+00 1.208587757795257289e+00 1.192835963565252344e+00 1.176004825562137368e+00 1.158086151410240738e+00 1.139068400410166548e+00 1.118936410382998847e+00 1.097671033920261774e+00 1.075248662028181146e+00 1.051640604100754439e+00 1.026812280027927571e+00 1.000722160669636152e+00 9.733203628866239354e-01 9.445467577708028806e-01 9.143283728101687657e-01 8.825757359207762054e-01 8.491775721923729980e-01 8.139928169584313977e-01 7.768380065390955158e-01 7.374661281485132003e-01 6.955281659002178207e-01 6.504948288402255807e-01 6.014673733412144729e-01 5.465567733133538386e-01 4.769182703436210535e-01 4.605915070380695031e-01 4.438573482669864179e-01 4.267213874711225374e-01 4.091888868681529123e-01 3.912647686130222846e-01 3.729536049398787800e-01 3.542596073268006185e-01 3.351866146746204089e-01 3.157380804353625559e-01
1.294757846706259485e+00 1.299604200631530482e+00 1.302920591189788979e+00 1.304782877963510224e+00 1.305255306439428553e+00 1.304392557184652190e+00 1.302241301641027249e+00 1.298841399397550944e+00 1.294226828982303124e+00 1.288426416291212462e+00 1.281464406056105343e+00 1.273360908882736897e+00 1.264132247304041723e+00 1.253791217699520510e+00 1.242347279987372488e+00 1.229806683135702405e+00 1.216172531363865161e+00 1.201444793114275766e+00 1.185620252219823589e+00 1.168692397938727368e+00 1.150651247425074519e+00 1.131483090440598138e+00 1.111170141274147927e+00 1.089690076315694256e+00 1.067015426612725193e+00 1.043112781566480907e+00 1.017941740329187716e+00 9.914535174258086725e-01 9.635890616058967462e-01 9.342764690924526549e-01 9.034273397211677326e-01 8.709314876069698119e-01 8.366489711498565907e-01 8.003975056935763721e-01 7.619313438020528517e-01 7.209028668064135781e-01 6.767843881441599763e-01 6.286791181727896527e-01 5.747006691906220155e-01 5.060089689474311925e-01 4.906397053958336252e-01 4.748619350024140817e-01 4.586815013771955440e-01 4.421039506487541848e-01 4.251345301090561080e-01 4.077781858213745947e-01 3.900395592614829265e-01 3.719229830363185441e-01 3.534324756962113900e-01 3.345717356263753217e-01
1.284689215729136524e+00 1.289829907165271683e+00 1.293406543688293997e+00 1.295498624377725339e+00 1.296173224164874238e+00 1.295487228144779346e+00 1.293489017596383794e+00 1.290219760141189997e+00 1.285714407247630087e+00 1.280002470452873409e+00 1.273108626487209349e+00 1.265053186997366241e+00 1.255852458379932202e+00 1.245519009856816961e+00 1.234061862383131647e+00 1.221486606622525173e+00 1.207795454593650009e+00 1.192987226329504047e+00 1.177057269694977926e+00 1.159997308077650890e+00 1.141795206661484485e+00 1.122434642973117125e+00 1.101894660736390863e+00 1.080149076853337942e+00 1.057165698090225314e+00 1.032905284407277025e+00 1.007320165814102220e+00 9.803523721234691513e-01 9.519310571812995558e-01 9.219688665729230959e-01 8.903566611294089217e-01 8.569555620635606052e-01 8.215843826881076284e-01 7.839985345526854221e-01 7.438516571813459377e-01 7.006174839087427886e-01 6.534009241092970655e-01 6.003178431428838335e-01 5.325320925925713933e-01 5.180762127475662115e-01 5.032096778732941811e-01 4.879385999188154965e-01 4.722688068703092545e-01 4.562058465090796933e-01 4.397549890864245192e-01 4.229212290006905683e-01 4.057092855447420043e-01 3.881236027745240680e-01 3.701683485312842192e-01 3.518474126311841865e-01
1.273613733225152034e+00 1.279044349515848555e+00 1.282874807089558811e+00 1.285188495412601828e+00 1.286055491468633294e+00 1.285535000553543750e+00 1.283677186336091625e+00 1.280524562919622467e+00 1.276113064889446758e+00 1.270472874941326102e+00 1.263629064644383071e+00 1.255602087544767542e+00 1.246408152369606670e+00 1.236059495807664721e+00 1.224564568105106721e+00 1.211928139768508661e+00 1.198151333472907920e+00 1.183231581406064992e+00 1.167162504362268427e+00 1.149933704535441414e+00 1.131530458676284212e+00 1.111933291427305459e+00 1.091117399286682721e+00 1.069051882306582435e+00 1.045698720918566416e+00 1.021011405178205100e+00 9.949330761969892301e-01 9.673939617545334047e-01 9.383077555728404073e-01 9.075663531981206233e-01 8.750319112092681539e-01 8.405242961071281993e-01 8.038000131464193565e-01 7.645138689303280222e-01 7.221408902792976203e-01 6.757875052188695442e-01 6.235715529610803554e-01 5.566602457577248808e-01 5.430835888486053031e-01 5.290931520196859861e-01 5.146953393356080708e-01 4.998962719703967661e-01 4.847017958082148192e-01 4.691174878845290053e-01 4.531486617658967431e-01 4.368003719523733119e-01 4.200774173728157312e-01 4.029843440299166746e-01 3.855254468385414524e-01 3.677047706876597211e-01
1.261544069225519760e+00 1.267260842373070906e+00 1.271339213395814793e+00 1.273866738928470799e+00 1.274916686921359510e+00 1.274550708299762025e+00 1.272820826676030581e+00 1.269770942387919543e+00 1.265437981507450127e+00 1.259852778757709846e+00 1.253040755924053951e+00 1.245022438856921987e+00 1.235813843263588341e+00 1.225426750155764744e+00 1.213868884762071110e+00 1.201144007052767915e+00 1.187251917121942668e+00 1.172188374013293233e+00 1.155944921675130743e+00 1.138508610052186398e+00 1.119861592181291776e+00 1.099980568581006679e+00 1.078836036722710556e+00 1.056391283544779514e+00 1.032601028794938980e+00 1.007409579419719980e+00 9.807482774385480884e-01 9.525318912673137461e-01 9.226533640246403767e-01 8.909758863435888188e-01 8.573203612717692490e-01 8.214443536108154698e-01 7.830037814731611867e-01 7.414748810724918204e-01 6.959654722466808163e-01 6.445951640174816255e-01 5.785341056326693820e-01 5.658102469539894042e-01 5.526685523275652878e-01 5.391157454458491705e-01 5.251582597899610017e-01 5.108022494032355976e-01 4.960535983978259233e-01 4.809179293069241190e-01 4.654006103811310635e-01 4.495067619145623472e-01 4.332412616741732614e-01 4.166087494944126224e-01 3.996136310884310650e-01 3.822600811166033119e-01
1.248490536195853373e+00 1.254490291721852557e+00 1.258811116377781758e+00 1.261545039608283236e+00 1.262768727036906125e+00 1.262546410918376383e+00 1.260932057182557964e+00 1.257970992717671210e+00 1.253701140402062819e+00 1.248153961456371697e+00 1.241355173490914954e+00 1.233325291655515521e+00 1.224080025717575015e+00 1.213630555341708828e+00 1.201983697810179885e+00 1.189141975881365498e+00 1.175103587672691408e+00 1.159862274733283405e+00 1.143407078201505112e+00 1.125721965370548361e+00 1.106785299091606056e+00 1.086569108708867581e+00 1.065038101225124212e+00 1.042148321100453412e+00 1.017845319442749474e+00 9.920616155304742279e-01 9.647131011440420734e-01 9.356938018215221753e-01 9.048679633143759116e-01 8.720575319323993213e-01 8.370211229638553352e-01 7.994157383794235905e-01 7.587187721604500279e-01 7.140393493433351280e-01 6.634987001979655297e-01 5.982695885852580275e-01 5.863782952968980000e-01 5.740642090020043886e-01 5.613344037210675763e-01 5.481956496995636918e-01 5.346544270373302377e-01 5.207169379114954255e-01 5.063891175228427688e-01 4.916766438801554173e-01 4.765849465233357729e-01 4.611192142736401101e-01 4.452844020880477593e-01 4.290852370843488695e-01 4.125262237938760457e-01 3.956116486897419682e-01
1.234461229050389353e+00 1.240741343833417165e+00 1.245299547809703977e+00 1.248232681210168060e+00 1.249621033554703997e+00 1.249531564987258481e+00 1.248020270722561609e+00 1.245133944194779296e+00 1.240911505873518283e+00 1.235385009450274740e+00 1.228580401415617418e+00 1.220518086201615837e+00 1.211213332526296149e+00 1.200676544586115835e+00 1.188913412530319347e+00 1.175924949004788500e+00 1.161707411549006252e+00 1.146252103449925785e+00 1.129545037431067600e+00 1.111566436187415574e+00 1.092290029695151210e+00 1.071682088977017111e+00 1.049700105525553706e+00 1.026290977816950001e+00 1.001388488453481385e+00 9.749097229824358335e-01 9.467498451142702942e-01 9.167741973506422504e-01 8.848057967371247834e-01 8.506043215720046069e-01 8.138278532990691483e-01 7.739549183117424569e-01 7.300958919086413257e-01 6.803735196773288418e-01 6.159629337538411464e-01 6.048890653546248330e-01 5.933865611232003179e-01 5.814628793440718146e-01 5.691251558282468537e-01 5.563802203072188979e-01 5.432346112461962084e-01 5.296945892277086232e-01 5.157661490390208492e-01 5.014550305811911191e-01 4.867667287037648616e-01 4.717065020567589029e-01 4.562793810405035844e-01 4.404901749238958053e-01 4.243434781925044530e-01 4.078436761795993237e-01
1.219462132304322211e+00 1.226020500000194691e+00 1.230811337579112319e+00 1.233936670430060500e+00 1.235480659691224670e+00 1.235513151458732750e+00 1.234092261476284147e+00 1.231266288301191114e+00 1.227075144422451025e+00 1.221551430901519186e+00 1.214721240172940586e+00 1.206604744439211840e+00 1.197216608266213900e+00 1.186566250284517343e+00 1.174657968245111039e+00 1.161490932616298322e+00 1.147059045297889934e+00 1.131350650793516044e+00 1.114348076092128936e+00 1.096026960906899772e+00 1.076355319292859214e+00 1.055292242911860967e+00 1.032786108249165391e+00 1.008772072061242309e+00 9.831685067739570627e-01 9.558717912202262523e-01 9.267484264784433545e-01 8.956225475103005707e-01 8.622549279391598098e-01 8.263047448960794128e-01 7.872516542968748254e-01 7.442072529592058672e-01 6.952957299903046451e-01 6.316943984324587813e-01 6.214271110875699833e-01 6.107244606560859879e-01 5.995943272106947219e-01 5.880442450124673259e-01 5.760814217377182578e-01 5.637127559106713814e-01 5.509448527191405098e-01 5.377840383694538762e-01 5.242363731185316622e-01 5.103076631049827672e-01 4.960034710869440921e-01 4.813291261818988809e-01 4.662897326925904418e-01 4.508901780932259018e-01 4.351351402412345082e-01 4.190290938717783908e-01
1.203497197999924273e+00 1.210332200943069703e+00 1.215351201835656036e+00 1.218661826737190035e+00 1.220352379889863892e+00 1.220495763586409099e+00 1.219152309159279302e+00 1.216371856050183275e+00 1.212195294556770886e+00 1.206655713711983990e+00 1.199779248647937058e+00 1.191585690658848229e+00 1.182088901648021384e+00 1.171297058883945752e+00 1.159212743528228229e+00 1.145832875476506363e+00 1.131148486219961669e+00 1.115144309222917629e+00 1.097798151910601039e+00 1.079079992160666190e+00 1.058950711025464120e+00 1.037360325151045704e+00 1.014245504127798014e+00 9.895260253169456677e-01 9.630995823116301757e-01 9.348339175992070871e-01 9.045543511049590757e-01 8.720228033813262059e-01 8.368995828247103308e-01 7.986654923156177865e-01 7.564333442407042973e-01 7.083287279649195245e-01 6.455309973239572452e-01 6.360631628598925058e-01 6.261523417921619483e-01 6.158068776365744901e-01 6.050347402219521387e-01 5.938435479446133591e-01 5.822405879698004938e-01 5.702328345893130646e-01 5.578269659193160201e-01 5.450293791003708588e-01 5.318462041426884612e-01 5.182833165429752142e-01 5.043463487846749915e-01 4.900407008206050796e-01 4.753715496256615269e-01 4.603438578972438022e-01 4.449623819720921469e-01 4.292316790202341248e-01
1.186568396974031936e+00 1.193678883684649694e+00 1.198921802116334590e+00 1.202410841204850644e+00 1.204238746122893167e+00 1.204481658471645122e+00 1.203202223372100033e+00 1.200451852286223309e+00 1.196272387569038864e+00 1.190697328438400815e+00 1.183752723664037276e+00 1.175457800502764272e+00 1.165825374661977554e+00 1.154862067797356007e+00 1.142568344280652237e+00 1.128938365540259614e+00 1.113959646277147719e+00 1.097612480208232766e+00 1.079869080904719780e+00 1.060692351494917141e+00 1.040034148288096372e+00 1.017832824825246840e+00 9.940097099564966232e-01 9.684639370364138689e-01 9.410645957129337713e-01 9.116382790142499859e-01 8.799481258825816443e-01 8.456556308146059298e-01 8.082427805539569299e-01 7.668236180095375776e-01 7.195251145180996399e-01 6.575285638010281986e-01 6.488563452614304339e-01 6.397325957556219134e-01 6.301661687230329933e-01 6.201655113262436458e-01 6.097386900408969801e-01 5.988934138797663564e-01 5.876370554996938056e-01 5.759766704092936784e-01 5.639190144687827866e-01 5.514705598503524264e-01 5.386375096076254643e-01 5.254258109854330616e-01 5.118411675860529142e-01 4.978890504948207396e-01 4.835747084563914999e-01 4.689031771826640549e-01 4.538792878642867734e-01 4.385076749495621096e-01
1.168675745127314203e+00 1.176061012724067822e+00 1.181523777346115356e+00 1.185184306216265693e+00 1.187140112527487190e+00 1.187470773824143899e+00 1.186241349371677911e+00 1.183504846793056231e+00 1.179304019474016529e+00 1.173672675386115305e+00 1.166636614957906826e+00 1.158214274348268846e+00 1.148417121862232548e+00 1.137249833841563085e+00 1.124710258565152055e+00 1.110789159764592249e+00 1.095469712706435450e+00 1.078726702316162189e+00 1.060525340041232223e+00 1.040819566742603675e+00 1.019549629860799334e+00 9.966385898549374733e-01 9.719871741859609227e-01 9.454659513988763475e-01 9.169028991306985565e-01 8.860624675931466632e-01 8.526074123547429107e-01 8.160209605386665732e-01 7.754184207226468839e-01 7.289281508609242177e-01 6.677333174162002338e-01 6.598558625050308102e-01 6.515173741237647587e-01 6.427272677876241236e-01 6.334945150279597259e-01 6.238276727380557274e-01 6.137349097751103599e-01 6.032240311158652002e-01 5.923024998254871054e-01 5.809774570668682081e-01 5.692557403496287805e-01 5.571439001940752256e-01 5.446482153645668678e-01 5.317747068087055329e-01 5.185291504230471471e-01 5.049170887523113382e-01 4.909438417170325364e-01 4.766145164540221968e-01 4.619340163446651881e-01 4.469070492978195475e-01
1.149817305549836410e+00 1.157477086502949115e+00 1.163155749691477725e+00 1.166980716899531867e+00 1.169054628997612255e+00 1.169460710200638687e+00 1.168266535011034613e+00 1.165526721227244655e+00 1.161284872104683563e+00 1.155574972458699223e+00 1.148422370189937869e+00 1.139844426858313220e+00 1.129850887599416431e+00 1.118443995283614045e+00 1.105618351929765097e+00 1.091360508424243703e+00 1.075648237871276391e+00 1.058449413569890751e+00 1.039720362118439212e+00 1.019403482339704237e+00 9.974237869370767839e-01 9.736837867052936524e-01 9.480556911934541198e-01 9.203690009418548090e-01 8.903895943218261833e-01 8.577815849229012413e-01 8.220295174914284964e-01 7.822500219114297826e-01 7.365728694987148106e-01 6.761830625863914923e-01 6.691022889158345643e-01 6.615499707454067790e-01 6.535361445075680287e-01 6.450703592175186518e-01 6.361617101174780187e-01 6.268188691193186113e-01 6.170501124035709939e-01 6.068633454859351239e-01 5.962661260224779713e-01 5.852656845905281902e-01 5.738689436529884613e-01 5.620825348885596373e-01 5.499128150485982358e-01 5.373658804824680280e-01 5.244475804568702326e-01 5.111635293803384883e-01 4.975191180316069217e-01 4.835195238796062833e-01 4.691697205731973908e-01 4.544744866702498109e-01
1.129989166603208250e+00 1.137923619365327266e+00 1.143814304380080138e+00 1.147796444167633378e+00 1.149978203223932072e+00 1.150446677657666950e+00 1.149272057006081260e+00 1.146510568961946364e+00 1.142206578968916197e+00 1.136394077309608397e+00 1.129097700662607284e+00 1.120333379311129196e+00 1.110108662001292767e+00 1.098422739845978269e+00 1.085266163062935219e+00 1.070620214870303677e+00 1.054455870005014839e+00 1.036732213100312050e+00 1.017394111145498936e+00 9.963687996285377491e-01 9.735608042987012878e-01 9.488441741922157835e-01 9.220501026145579981e-01 8.929460407534386412e-01 8.611975820198262133e-01 8.262906888204991640e-01 7.873433897201256304e-01 7.424869184582413295e-01 6.829081047004731397e-01 6.766285592137273319e-01 6.698658853883813213e-01 6.626308073297338952e-01 6.549335117450794108e-01 6.467836865696146020e-01 6.381905558339826534e-01 6.291629112071054353e-01 6.197091405894744609e-01 6.098372540824986698e-01 5.995549076173388725e-01 5.888694244906703679e-01 5.777878150239993404e-01 5.663167945366762712e-01 5.544627997999287405e-01 5.422320041195031193e-01 5.296303311773835620e-01 5.166634677481660720e-01 5.033368753926714678e-01 4.896558012199998533e-01 4.756252877992482864e-01 4.612501822933149920e-01
1.109185395312575872e+00 1.117395098438933587e+00 1.123493942738112317e+00 1.127625678245023133e+00 1.129904429496481288e+00 1.130421404331502400e+00 1.129249502935258720e+00 1.126446542724189870e+00 1.122057528648759073e+00 1.116116233653610568e+00 1.108646253488987599e+00 1.099661634579178315e+00 1.089167127057213191e+00 1.077158077448123974e+00 1.063619939574759643e+00 1.048527341163413729e+00 1.031842588552479789e+00 1.013513408954107575e+00 9.934695937595920956e-01 9.716179677962439865e-01 9.478346625369686862e-01 9.219527719599623916e-01 8.937414976603256234e-01 8.628680635968144497e-01 8.288199757915133414e-01 7.907167628289268890e-01 7.466911934757782809e-01 6.879319439065503250e-01 6.824607247434087975e-01 6.764936411310802367e-01 6.700421810002566980e-01 6.631172372982492291e-01 6.557291524481485556e-01 6.478877583691800002e-01 6.396024125870372057e-01 6.308820308894664830e-01 6.217351169204178296e-01 6.121697890536395015e-01 6.021938048420941714e-01 5.918145833016326129e-01 5.810392252549471115e-01 5.698745319339929560e-01 5.583270220151437258e-01 5.464029472406617405e-01 5.341083067621757996e-01 5.214488603263003341e-01 5.084301404089923704e-01 4.950574633933935154e-01 4.813359398755406859e-01 4.672704841732044923e-01
1.087397964638075143e+00 1.095883914054950559e+00 1.102187006783590384e+00 1.106460340484296756e+00 1.108824481274924834e+00 1.109375002830035317e+00 1.108187603312204450e+00 1.105321642236091417e+00 1.100822594995286341e+00 1.094723726838184641e+00 1.087047169398441371e+00 1.077804505385121292e+00 1.066996910807443300e+00 1.054614856650241350e+00 1.040637323451150564e+00 1.025030422343585990e+00 1.007745229968803891e+00 9.887145065298533764e-01 9.678477261962182832e-01 9.450234011620144425e-01 9.200767807259254694e-01 8.927790343785450000e-01 8.627992018348666914e-01 8.296264889827899003e-01 7.923820530628986614e-01 7.492002962841186609e-01 6.912717888263647525e-01 6.866185222063470039e-01 6.814554062984363725e-01 6.757947802167796336e-01 6.696483215656610088e-01 6.630270977910184271e-01 6.559416122564916130e-01 6.484018456933297037e-01 6.404172935803573719e-01 6.319969999321406462e-01 6.231495879078305933e-01 6.138832875977142667e-01 6.042059612974866045e-01 5.941251265402779369e-01 5.836479771223360702e-01 5.727814023290243028e-01 5.615320045426688278e-01 5.499061153921298573e-01 5.379098105852325729e-01 5.255489235489486655e-01 5.128290579880763200e-01 4.997555994608327001e-01 4.863337260589786770e-01 4.725684182706241243e-01
1.064616652327996515e+00 1.073380261427954174e+00 1.079883572688659532e+00 1.084289960038476774e+00 1.086726962987548450e+00 1.087294788350499308e+00 1.086072005502607407e+00 1.083119430654212234e+00 1.078482778736389314e+00 1.072194427351433221e+00 1.064274496266030656e+00 1.054731353261233462e+00 1.043561587992356321e+00 1.030749433696600770e+00 1.016265548253033613e+00 1.000064974463712897e+00 9.820839576726168030e-01 9.622350563445354332e-01 9.403995316844715457e-01 9.164151013737507068e-01 8.900551695124611085e-01 8.609908187257058199e-01 8.287131472585473890e-01 7.923451015985263357e-01 7.500228450762160826e-01 6.929389195380628585e-01 6.891157875656158671e-01 6.847674568507520210e-01 6.799072184788420570e-01 6.745476248786690388e-01 6.687005493860020966e-01 6.623772394959375198e-01 6.555883646073471516e-01 6.483440589437627910e-01 6.406539602359149210e-01 6.325272446682568273e-01 6.239726585221949673e-01 6.149985468900852625e-01 6.056128797843934874e-01 5.958232759242607646e-01 5.856370244457624885e-01 5.750611047514186946e-01 5.641022046881147833e-01 5.527667372198934448e-01 5.410608557424485543e-01 5.289904681691623978e-01 5.165612499037541827e-01 5.037786558017496308e-01 4.906479312117261182e-01 4.771741221774427610e-01
1.040828908049622692e+00 1.049872010278839474e+00 1.056571309214421106e+00 1.061101510460565667e+00 1.063597714611865808e+00 1.064165039939713786e+00 1.062884977919617446e+00 1.059819664052223942e+00 1.055014738784977979e+00 1.048501191943833621e+00 1.040296415360153270e+00 1.030404576110515169e+00 1.018816335575694509e+00 1.005507855719554922e+00 9.904389326481739531e-01 9.735499495170567563e-01 9.547570942657848114e-01 9.339448353992930718e-01 9.109537462374805994e-01 8.855597939630251991e-01 8.574363832079920922e-01 8.260767412874848725e-01 7.906058028092293188e-01 7.491616540454326678e-01 6.929389195380617483e-01 6.899607376002401260e-01 6.864405043344354862e-01 6.823925797738343846e-01 6.778304954175138342e-01 6.727670236581347885e-01 6.672142396064897341e-01 6.611835763147391187e-01 6.546858742467330794e-01 6.477314257168602651e-01 6.403300149133657193e-01 6.324909540340439840e-01 6.242231159884099601e-01 6.155349640583696047e-01 6.064345788569527329e-01 5.969296828801841093e-01 5.870276629093181819e-01 5.767355904883214590e-01 5.660602406737733627e-01 5.550081092305318986e-01 5.435854284259519220e-01 5.317981815576592330e-01 5.196521163344551830e-01 5.071527572164840070e-01 4.943054168090821321e-01 4.811152063944607038e-01
1.016019684279445556e+00 1.025344537827376445e+00 1.032235295734452718e+00 1.036879199425283948e+00 1.039419560137722298e+00 1.039966693030842881e+00 1.038605028444109957e+00 1.035397811929182454e+00 1.030390182608631244e+00 1.023611079027805459e+00 1.015074217859702088e+00 1.004778252418801809e+00 9.927061043191398593e-01 9.788233422891076119e-01 9.630753229858409759e-01 9.453825549378073179e-01 9.256332898530361675e-01 9.036714397013100308e-01 8.792759419547202526e-01 8.521228677437220345e-01 8.217078650911331383e-01 7.871581023905528385e-01 7.466137914898318684e-01 6.912717888263659738e-01 6.891561337573373081e-01 6.864799063586954908e-01 6.832586722305711291e-01 6.795070631666484395e-01 6.752388585275869159e-01 6.704670573865268990e-01 6.652039427068388022e-01 6.594611386124794583e-01 6.532496616472061035e-01 6.465799667834398745e-01 6.394619888292576437e-01 6.319051797884663868e-01 6.239185426504392229e-01 6.155106620206969303e-01 6.066897319477558836e-01 5.974635812548475533e-01 5.878396966452156258e-01 5.778252438156767923e-01 5.674270867840114363e-01 5.566518056107450096e-01 5.455057126743350082e-01 5.339948676401606864e-01 5.221250912475747796e-01 5.099019780252421752e-01 4.973309080327660281e-01 4.844170577159025992e-01
9.901712249216078066e-01 9.997805190104140927e-01 1.006857792571465016e+00 1.011604202331396252e+00 1.014171987762126914e+00 1.014676946942863811e+00 1.013206414799937560e+00 1.009824437851196244e+00 1.004575072065186703e+00 9.974843156375379216e-01 9.885609394099247327e-01 9.777963030027732039e-01 9.651630902886658703e-01 9.506127177033352194e-01 9.340709022725056654e-01 9.154304111915902986e-01 8.945391037299722514e-01 8.711793968538619204e-01 8.450304563431039195e-01 8.155907119247864934e-01 7.819898696802112248e-01 7.423705195085354980e-01 6.879319439065524344e-01 6.866993365818379047e-01 6.848857701041899393e-01 6.825081762666722618e-01 6.795824290037573157e-01 6.761234403541280802e-01 6.721452451336986655e-01 6.676610759186851762e-01 6.626834296756656251e-01 6.572241271612730973e-01 6.512943660386094624e-01 6.449047685129125629e-01 6.380654241694332374e-01 6.307859285970577323e-01 6.230754182982412015e-01 6.149426023162078980e-01 6.063957909517825318e-01 5.974429218926787799e-01 5.880915840360296798e-01 5.783490392491374976e-01 5.682222422828103747e-01 5.577178590254103785e-01 5.468422832631352204e-01 5.356016520925670488e-01 5.240018601146367860e-01 5.120485725244845465e-01 4.997472371989410966e-01 4.871030958721889181e-01
9.632628036882214806e-01 9.731596657628945879e-01 9.804179538974679975e-01 9.852543272919365158e-01 9.878307452361039243e-01 9.882687648416845771e-01 9.866585157752126856e-01 9.830643964180818539e-01 9.775285817718495363e-01 9.700729234982287119e-01 9.606995133751451421e-01 9.493899539406883692e-01 9.361031584489027946e-01 9.207712111377428510e-01 9.032923388342644078e-01 8.835191245245948011e-01 8.612381082355350381e-01 8.361320873232301887e-01 8.077027232335400875e-01 7.750826373553358906e-01 7.364171121572287149e-01 6.829081047004732508e-01 6.825822534295253874e-01 6.816529539096435331e-01 6.801386943303269206e-01 6.780567578533346351e-01 6.754233365530293298e-01 6.722536314245592948e-01 6.685619405114230362e-01 6.643617368540464252e-01 6.596657376781943638e-01 6.544859660121595812e-01 6.488338057338509657e-01 6.427200508946158131e-01 6.361549500392609247e-01 6.291482461360902168e-01 6.217092126427208321e-01 6.138466861597419166e-01 6.055690960623183461e-01 5.968844914475377461e-01 5.878005656909905952e-01 5.783246788683614747e-01 5.684638782656419309e-01 5.582249171740014670e-01 5.476142721416611403e-01 5.366381588346877951e-01 5.253025466409553257e-01 5.136131721362012792e-01 5.015755515177561241e-01 4.891949920999187906e-01
9.352704017442804441e-01 9.454584045424004879e-01 9.528914701336979043e-01 9.578035945764139525e-01 9.603673276046227336e-01 9.607102348423427474e-01 9.589250192909060111e-01 9.550757834409722147e-01 9.492017173774642824e-01 9.413188646821815109e-01 9.314202262521338316e-01 9.194741526576866164e-01 9.054206352817770753e-01 8.891645977693849456e-01 8.705643515979132330e-01 8.494113836132007878e-01 8.253928035316242529e-01 7.980140706833768194e-01 7.664111942658192733e-01 7.287325424609560898e-01 6.761830625863924915e-01 6.767911768492951285e-01 6.767709669875737744e-01 6.761427045555160609e-01 6.749252801816657543e-01 6.731363398736978088e-01 6.707924039683150763e-01 6.679089713857800925e-01 6.645006113771882994e-01 6.605810445749513704e-01 6.561632148526728159e-01 6.512593532539914243e-01 6.458810350489652130e-01 6.400392308118578732e-01 6.337443522785076722e-01 6.270062936291311839e-01 6.198344687489703020e-01 6.122378449411245427e-01 6.042249735003664135e-01 5.958040175015161255e-01 5.869827771092083202e-01 5.777687126761990033e-01 5.681689658634986317e-01 5.581903789866755616e-01 5.478395127678074017e-01 5.371226626511560465e-01 5.260458738221368558e-01 5.146149550531360362e-01 5.028354914857942060e-01 4.907128564472349463e-01
9.061663107441402243e-01 9.166494777092062396e-01 9.242501222498774593e-01 9.292217073597304200e-01 9.317483257588371481e-01 9.319637480533187190e-01 9.299628640314964168e-01 9.258085465430780925e-01 9.195354540641513807e-01 9.111514901671784461e-01 9.006371270702004939e-01 8.879423539618274130e-01 8.729804434193557672e-01 8.556167577156887916e-01 8.356488007208482394e-01 8.127688690631902357e-01 7.864869403343365262e-01 7.559430082504857706e-01 7.192890212493628921e-01 6.677333174162007889e-01 6.693065054535689562e-01 6.702237623275593137e-01 6.705074160719735055e-01 6.701782018260937779e-01 6.692554262493438655e-01 6.677571100949009075e-01 6.657001124314432250e-01 6.631002393582092758e-01 6.599723395478799270e-01 6.563303885441662544e-01 6.521875634135729793e-01 6.475563090861804483e-01 6.424483975051414886e-01 6.368749805287081678e-01 6.308466373840192487e-01 6.243734173524237985e-01 6.174648782669315272e-01 6.101301213196461681e-01 6.023778226077053377e-01 5.942162617879105380e-01 5.856533481609371705e-01 5.766966444641926648e-01 5.673533886167865248e-01 5.576305136296566545e-01 5.475346658678015288e-01 5.370722218291281713e-01 5.262493035850617229e-01 5.150717930112869158e-01 5.035453449224488454e-01 4.916753992119570205e-01
8.759186428007317282e-01 8.867014494848659556e-01 8.944612240213979382e-01 8.994733817625440997e-01 9.019345913286551664e-01 9.019849300813216342e-01 8.997208416914550533e-01 8.952026163708808326e-01 8.884581784655961600e-01 8.794839430027280303e-01 8.682428074627304149e-01 8.546586489255403318e-01 8.386056550698592904e-01 8.198887615347572044e-01 7.982065927233674696e-01 7.730745734929316271e-01 7.436374443268459755e-01 7.080513615673160732e-01 6.575285638010254230e-01 6.601023327423070075e-01 6.619894123919747297e-01 6.632145189256370976e-01 6.638005178601261713e-01 6.637686241972968748e-01 6.631385747710095702e-01 6.619287774349027487e-01 6.601564408358390201e-01 6.578376878177105702e-01 6.549876549471449483e-01 6.516205802126358027e-01 6.477498805962222939e-01 6.433882209328167789e-01 6.385475752419544904e-01 6.332392815288503396e-01 6.274740908975566800e-01 6.212622116919280790e-01 6.146133492747984928e-01 6.075367419680631764e-01 6.000411936030047855e-01 5.921351030685420014e-01 5.838264911930781675e-01 5.751230252515566743e-01 5.660320413518690197e-01 5.565605649227801655e-01 5.467153294981511591e-01 5.365027939687058156e-01 5.259291584523031471e-01 5.150003789161297085e-01 5.037221806690135306e-01 4.921000708288258974e-01
8.444907225859858979e-01 8.555780903843102081e-01 8.634869192519741832e-01 8.685174912069678621e-01 8.708801541368677013e-01 8.707212328506215293e-01 8.681377198738833290e-01 8.631853414782827416e-01 8.558820855991282617e-01 8.462079326745092223e-01 8.341005252293411942e-01 8.194453133507889619e-01 8.020565730177515729e-01 7.816407716526347915e-01 7.577199985445635111e-01 7.294447281237788072e-01 6.949761302991512846e-01 6.455309973239556909e-01 6.491458815424382411e-01 6.520396507615222603e-01 6.542398161296191228e-01 6.557717215177909509e-01 6.566587896391966606e-01 6.569227323518761485e-01 6.565837313980688039e-01 6.556605945754347964e-01 6.541708913608452747e-01 6.521310712460930414e-01 6.495565674456542649e-01 6.464618881615333823e-01 6.428606972108488193e-01 6.387658855169071614e-01 6.341896347178300752e-01 6.291434739460645131e-01 6.236383306677915073e-01 6.176845763360405694e-01 6.112920674994468673e-01 6.044701829156098327e-01 5.972278571403414338e-01 5.895736109989374585e-01 5.815155792907075183e-01 5.730615360315605145e-01 5.642189175000011936e-01 5.549948433182793073e-01 5.453961357716724523e-01 5.354293375442020775e-01 5.251007280278261469e-01 5.144163383437871939e-01 5.033819651988864496e-01 4.920031836856368357e-01
8.118403278252235289e-01 8.232376042879592237e-01 8.312832877613850480e-01 8.363059607081122504e-01 8.385307987346968250e-01 8.381100465627719931e-01 8.351396685554048904e-01 8.296678783670056179e-01 8.216979473117795862e-01 8.111858534198800319e-01 7.980317480970491317e-01 7.820618846414180148e-01 7.629926287740103064e-01 7.403543587948562266e-01 7.133045825111365978e-01 6.800105319657756553e-01 6.316943984324570049e-01 6.363967515676713926e-01 6.403392547564660253e-01 6.435527187389881165e-01 6.460653936995348623e-01 6.479032753557409929e-01 6.490903642610821311e-01 6.496488868873750988e-01 6.495994852495512450e-01 6.489613804553187038e-01 6.477525144981113314e-01 6.459896737838419778e-01 6.436885972327275329e-01 6.408640712843177711e-01 6.375300137253830934e-01 6.336995479328195735e-01 6.293850688595016285e-01 6.245983018764396100e-01 6.193503554093671148e-01 6.136517681639407362e-01 6.075125516148949245e-01 6.009422283358649697e-01 5.939498666643485691e-01 5.865441121273939906e-01 5.787332159956339872e-01 5.705250612843382196e-01 5.619271864786153925e-01 5.529468072245562471e-01 5.435908361978978309e-01 5.338659013358870720e-01 5.237783625957582734e-01 5.133343273839945375e-01 5.025396647839280861e-01 4.914000186947615756e-01
7.779187316119626772e-01 7.896316481614455984e-01 7.977991941976106949e-01 8.027823168894923089e-01 8.048221594578307547e-01 8.040761144816034323e-01 8.006366414503514051e-01 7.945399530786627640e-01 7.857672249230714945e-01 7.742383231735741056e-01 7.597952265462306620e-01 7.421670568602523055e-01 7.208946975726348017e-01 6.951444333479155357e-01 6.630909458268425816e-01 6.159629337538388150e-01 6.218059337754258120e-01 6.268452332744854916e-01 6.311155762962409321e-01 6.346486516976718173e-01 6.374734786505489303e-01 6.396167300881147044e-01 6.411030060409304010e-01 6.419550661666549862e-01 6.421940287892509147e-01 6.418395422498273106e-01 6.409099332092441648e-01 6.394223356421631088e-01 6.373928035585587626e-01 6.348364099343680733e-01 6.317673338929338245e-01 6.281989378270917967e-01 6.241438358685716947e-01 6.196139548819783460e-01 6.146205889736461314e-01 6.091744483523966469e-01 6.032857032529144181e-01 5.969640235278164120e-01 5.902186144273695589e-01 5.830582490129588846e-01 5.754912975891993687e-01 5.675257544879468430e-01 5.591692624937295575e-01 5.504291351629323481e-01 5.413123772573319448e-01 5.318257034853992593e-01 5.219755557214325048e-01 5.117681188524576541e-01 5.012093353854103484e-01 4.903049189320324297e-01
7.426694811371417071e-01 7.547040733383971745e-01 7.629747834382801797e-01 7.678797522526079611e-01 7.696771162291490276e-01 7.685279016194405122e-01 7.645171285135146100e-01 7.576619669259233580e-01 7.479096027009388692e-01 7.351232520409487492e-01 7.190488856626229275e-01 6.992409942410156010e-01 6.748770319412100704e-01 6.441410022668068169e-01 5.982695885852593598e-01 6.053145256772881622e-01 6.115057692035853476e-01 6.168828034774351821e-01 6.214814267325381447e-01 6.253342435821033218e-01 6.284710737477356979e-01 6.309192940483747680e-01 6.327041266874051662e-01 6.338488839482798731e-01 6.343751772160347580e-01 6.343030965820428690e-01 6.336513660201318343e-01 6.324374781425425862e-01 6.306778117813305329e-01 6.283877350417244045e-01 6.255816959998040661e-01 6.222733028387785748e-01 6.184753949145509466e-01 6.142001059958992482e-01 6.094589207250304952e-01 6.042627251810144262e-01 5.986218522942985398e-01 5.925461227494477345e-01 5.860448819209365112e-01 5.791270333097492395e-01 5.718010688838690569e-01 5.640750966712821945e-01 5.559568659080289521e-01 5.474537900047082850e-01 5.385729675614991940e-01 5.293212016332095038e-01 5.197050174213970752e-01 5.097306785495001602e-01 4.994042020587070585e-01 4.887313722465076449e-01
7.060268191476476440e-01 7.183892850369480998e-01 7.267394784501585159e-01 7.315184847795437317e-01 7.330021416287080260e-01 7.313523332681675093e-01 7.266402520036226997e-01 7.188525229177946674e-01 7.078820510729006976e-01 6.934977304141038967e-01 6.752721368049983131e-01 6.523972665433758200e-01 6.230690309619815181e-01 5.785341056326710474e-01 5.868520533279804052e-01 5.942588445456280510e-01 6.007997476914455071e-01 6.065155275341942431e-01 6.114430844898742778e-01 6.156159787271425765e-01 6.190648638050303409e-01 6.218178484887277868e-01 6.239008009799060783e-01 6.253376065523648109e-01 6.261503871659892528e-01 6.263596898106109645e-01 6.259846489446838635e-01 6.250431273275098842e-01 6.235518387163363485e-01 6.215264552519680352e-01 6.189817018453712683e-01 6.159314394712692708e-01 6.123887389491281530e-01 6.083659465293788093e-01 6.038747423896420052e-01 5.989261929717505373e-01 5.935307979475229478e-01 5.876985324833152724e-01 5.814388853755370068e-01 5.747608935477326320e-01 5.676731733315070194e-01 5.601839488960815849e-01 5.523010781427095672e-01 5.440320763389946412e-01 5.353841377330914586e-01 5.263641553578034538e-01 5.169787392089140177e-01 5.072342329599840438e-01 4.971367293567768852e-01 4.866920844179747352e-01
6.679136108670817862e-01 6.806100660216058973e-01 6.890092581313339570e-01 6.936020619182885483e-01 6.946820144898872007e-01 6.924068754501805367e-01 6.868232824869340281e-01 6.778674817280474496e-01 6.653407097923512703e-01 6.488403379704759111e-01 6.275778139821840407e-01 5.997646293504268478e-01 5.566602457577232155e-01 5.663342630686653001e-01 5.750304452145400536e-01 5.828012192492586507e-01 5.896934297804674596e-01 5.957491842320332687e-01 6.010065361406355944e-01 6.055000433510365765e-01 6.092612283964657927e-01 6.123189615357012006e-01 6.146997819997126467e-01 6.164281694022158975e-01 6.175267746021756432e-01 6.180166173071490743e-01 6.179172561907844141e-01 6.172469361369188334e-01 6.160227163249321070e-01 6.142605821704671953e-01 6.119755435843284852e-01 6.091817215751512693e-01 6.058924248720849448e-01 6.021202179626645723e-01 5.978769817134405029e-01 5.931739675554740243e-01 5.880218460648138912e-01 5.824307506428174630e-01 5.764103168974284985e-01 5.699697182401533002e-01 5.631176981412443494e-01 5.558625994249176694e-01 5.482123909352354385e-01 5.401746918599243941e-01 5.317567939625227336e-01 5.229656819417869418e-01 5.138080521103304266e-01 5.042903295613128112e-01 4.944186839720284832e-01 4.841990441759749797e-01
6.282385699413204350e-01 6.412746276928612543e-01 6.496828593668027008e-01 6.540120222963646812e-01 6.545718712385024673e-01 6.515070332542972631e-01 6.448206834480839644e-01 6.343618374416503114e-01 6.197631926525446477e-01 6.002630797736291379e-01 5.740939634769420818e-01 5.325320925925722815e-01 5.436601801803957468e-01 5.537321953525884410e-01 5.628095714724031806e-01 5.709467059216897233e-01 5.781921016167828054e-01 5.845892749299650415e-01 5.901774866355248284e-01 5.949923368725156259e-01 5.990662542687138492e-01 6.024289017145616487e-01 6.051075157883003541e-01 6.071271928426869025e-01 6.085111318221982923e-01 6.092808416844175401e-01 6.094563196420483830e-01 6.090562051773990015e-01 6.080979138065545353e-01 6.065977538123233925e-01 6.045710285701956233e-01 6.020321266210254540e-01 5.989946012691400590e-01 5.954712411835634267e-01 5.914741332368065319e-01 5.870147186178806820e-01 5.821038430944016628e-01 5.767518021655632099e-01 5.709683817376949300e-01 5.647628948626557399e-01 5.581442150029192195e-01 5.511208062231311988e-01 5.437007506539311974e-01 5.358917735281599759e-01 5.277012660507860442e-01 5.191363063308280790e-01 5.102036785752492865e-01 5.009098907205414841e-01 4.912611906567802555e-01 4.812635811808892994e-01
5.868924634277168373e-01 6.002725120354237553e-01 6.086363100033415074e-01 6.125998838539438163e-01 6.124846698472763418e-01 6.084053752236250334e-01 6.002859745749289377e-01 5.878120148718867233e-01 5.702605210697720972e-01 5.458931828519142382e-01 5.060089689474329688e-01 5.187081263899548933e-01 5.302581976121145679e-01 5.407321659507089429e-01 5.501939722206083960e-01 5.587000948259955857e-01 5.663007829211385014e-01 5.730410325615706846e-01 5.789613693111655968e-01 5.840984829110855703e-01 5.884857473335203260e-01 5.921536509417510974e-01 5.951301553538236311e-01 5.974409971793186447e-01 5.991099435519890992e-01 6.001590099692357683e-01 6.006086471361974377e-01 6.004779021338653155e-01 5.997845581719928321e-01 5.985452563666950887e-01 5.967756023404218180e-01 5.944902599353791839e-01 5.917030339287179252e-01 5.884269433152691242e-01 5.846742864635499082e-01 5.804566992397248715e-01 5.757852070219089402e-01 5.706702713857301212e-01 5.651218321252668986e-01 5.591493451765686684e-01 5.527618169301590223e-01 5.459678353512211757e-01 5.387755982692257195e-01 5.311929391506355902e-01 5.232273506275145758e-01 5.148860060201164712e-01 5.061757790618344188e-01 4.971032620094301135e-01 4.876747822995576298e-01 4.778964178936848661e-01
5.437427820366884657e-01 5.574687200414101262e-01 5.657147521264986878e-01 5.691745298825845456e-01 5.681701731583510551e-01 5.627533732564005131e-01 5.526940154268094041e-01 5.373277965566748415e-01 5.149589240450764827e-01 4.769182703436198323e-01 4.913302141161737246e-01 5.044807377302911178e-01 5.164579762869454527e-01 5.273381719935051892e-01 5.371879260476353224e-01 5.460659170739426971e-01 5.540242347486306063e-01 5.611094303706578579e-01 5.673633555620800628e-01 5.728238398734706305e-01 5.775252441595202235e-01 5.814989169222619658e-01 5.847735739810465683e-01 5.873756169128585558e-01 5.893294021207042821e-01 5.906574697363410342e-01 5.913807395785500853e-01 5.915186798848435235e-01 5.910894533838984000e-01 5.901100443866648115e-01 5.885963698803633459e-01 5.865633770638307709e-01 5.840251293298737156e-01 5.809948823545325602e-01 5.774851516749697211e-01 5.735077729124320456e-01 5.690739556131620969e-01 5.641943315296887862e-01 5.588789980409341052e-01 5.531375573068513241e-01 5.469791516677924292e-01 5.404124957272764540e-01 5.334459054967177760e-01 5.260873249299792276e-01 5.183443501326495673e-01 5.102242514944070884e-01 5.017339939616608513e-01 4.928802556409415114e-01 4.836694449005592977e-01 4.741077161182615796e-01
4.986260154545599788e-01 5.126949782884083762e-01 5.207196138237113470e-01 5.234810951020674175e-01 5.212767391687265217e-01 5.140236590074533929e-01 5.011529178636027204e-01 4.810341201732166727e-01 4.450450518184791426e-01 4.613445353346349309e-01 4.762443144989266797e-01 4.898529507907199987e-01 5.022629225370112138e-01 5.135539482706034109e-01 5.237954553152098791e-01 5.330484510599584613e-01 5.413669669335614554e-01 5.487991902881093065e-01 5.553883640985993742e-01 5.611735110613855770e-01 5.661900229127836415e-01 5.704701449161045934e-01 5.740433778243889673e-01 5.769368141651056714e-01 5.791754217297220286e-01 5.807822842339929181e-01 5.817788069400140483e-01 5.821848933903889245e-01 5.820190981534694163e-01 5.812987595145010511e-01 5.800401152976566443e-01 5.782584044156635628e-01 5.759679562784081330e-01 5.731822698210308209e-01 5.699140836143187228e-01 5.661754382796071461e-01 5.619777322347546678e-01 5.573317716376673392e-01 5.522478152621839165e-01 5.467356149321942471e-01 5.408044520493409113e-01 5.344631706740339272e-01 5.277202075560565309e-01 5.205836194575899079e-01 5.130611080662498269e-01 5.051600427573066376e-01 4.968874814315077382e-01 4.882501896268941488e-01 4.792546580789431299e-01 4.699071188826404177e-01
4.513360185367488731e-01 4.657361264364506814e-01 4.733872121398588484e-01 4.751626329305597141e-01 4.712735167374201284e-01 4.613219043813954756e-01 4.437858298869482576e-01 4.101163182884098868e-01 4.285237203128591243e-01 4.453571126208911712e-01 4.607535305964035599e-01 4.748275034401940875e-01 4.876761727345080843e-01 4.993829708197685124e-01 5.100203310859554584e-01 5.196517285211732506e-01 5.283332451428816023e-01 5.361147908851351396e-01 5.430410697376142348e-01 5.491523542594103358e-01 5.544851137170807576e-01 5.590725288575378871e-01 5.629449177809700000e-01 5.661300913067224272e-01 5.686536518407441232e-01 5.705392465413086089e-01 5.718087831951825795e-01 5.724826154244171406e-01 5.725797024819712089e-01 5.721177478484436030e-01 5.711133200311788727e-01 5.695819583325046898e-01 5.675382658532720503e-01 5.649959915998514770e-01 5.619681032439639567e-01 5.584668518276503235e-01 5.545038294970241477e-01 5.500900211780915816e-01 5.452358509679759990e-01 5.399512238993728896e-01 5.342455636401539643e-01 5.281278466100814972e-01 5.216066329295931947e-01 5.146900945592374210e-01 5.073860409407006111e-01 4.997019424099478080e-01 4.916449516185855129e-01 4.832219231701361251e-01 4.744394316526838740e-01 4.653037882276538362e-01
4.016056334891048296e-01 4.163075848933528444e-01 4.233500392830119585e-01 4.236821531638468863e-01 4.172622507139465697e-01 4.027685683691903384e-01 3.717761799434534664e-01 3.925775017770595787e-01 4.115784065317737439e-01 4.289573250915122427e-01 4.448598089943489597e-01 4.594068463148076042e-01 4.727005946412214388e-01 4.848284600138985656e-01 4.958660775945846755e-01 5.058795401562505845e-01 5.149270974824532443e-01 5.230604748579352758e-01 5.303259116916367866e-01 5.367649907788972774e-01 5.424153084204313968e-01 5.473110218245469394e-01 5.514833006524175740e-01 5.549607028075116411e-01 5.577694897156852960e-01 5.599338928026764695e-01 5.614763402590271513e-01 5.624176512235988801e-01 5.627772030334015074e-01 5.625730760519622731e-01 5.618221797106879301e-01 5.605403627128638933e-01 5.587425098110798682e-01 5.564426271414721903e-01 5.536539177566554004e-01 5.503888487243664418e-01 5.466592109362484742e-01 5.424761725897483400e-01 5.378503271573764621e-01 5.327917365349539303e-01 5.273099699588867928e-01 5.214141391979019158e-01 5.151129304538973885e-01 5.084146333470888068e-01 5.013271673104295889e-01 4.938581056757567200e-01 4.860146976979384803e-01 4.778038887324122519e-01 4.692323387550462188e-01 4.603064393905131335e-01
3.490758326014975488e-01 3.640149441678848796e-01 3.700582763280867438e-01 3.681342201183981921e-01 3.573589330219295035e-01 3.295441051601388227e-01 3.531247821475139714e-01 3.745991586247966465e-01 3.942092141398165217e-01 4.121461330095125275e-01 4.285647771196396949e-01 4.435931410050780732e-01 4.573387880623991930e-01 4.698933830650406374e-01 4.813359761979811857e-01 4.917354407513457870e-01 5.011523206155603649e-01 5.096402560132252679e-01 5.172471013351296332e-01 5.240158139461762454e-01 5.299851697655225680e-01 5.351903458656367407e-01 5.396633996122495169e-01 5.434336663359982111e-01 5.465280921455730745e-01 5.489715145872254842e-01 5.507869009813182171e-01 5.519955521234904960e-01 5.526172774209134886e-01 5.526705463004562002e-01 5.521726197748570986e-01 5.511396653133928680e-01 5.495868575831232006e-01 5.475284671675609838e-01 5.449779390035138782e-01 5.419479619828571071e-01 5.384505309283733610e-01 5.344970019594840194e-01 5.300981421055064313e-01 5.252641738939041183e-01 5.200048155333047983e-01 5.143293172215219755e-01 5.082464940340198911e-01 5.017647557854808538e-01 4.948921342042382765e-01 4.876363077145603464e-01 4.800046240837362310e-01 4.720041211584805607e-01 4.636415458874162399e-01 4.549233718025574857e-01
2.932395423598077588e-01 3.082728429522836877e-01 3.125906519049902466e-01 3.066263241169465137e-01 2.827388800668746427e-01 3.096458956819135300e-01 3.340105085136576557e-01 3.561796984273652988e-01 3.764157992001415654e-01 3.949241217296042272e-01 4.118697365943725375e-01 4.273882572232094446e-01 4.415930847096670719e-01 4.545804558743947732e-01 4.664330687504115724e-01 4.772227537726528857e-01 4.870124853639791196e-01 4.958579257344459812e-01 5.038086294366799223e-01 5.109089970320233043e-01 5.171990399692349971e-01 5.227150011974839305e-01 5.274898640008137685e-01 5.315537731389560205e-01 5.349343864080073896e-01 5.376571704220935999e-01 5.397456512570065756e-01 5.412216282499459075e-01 5.421053574851774082e-01 5.424157101540287851e-01 5.421703099471213427e-01 5.413856528373905963e-01 5.400772119868471055e-01 5.382595300162931196e-01 5.359463004845124168e-01 5.331504401088240641e-01 5.298841530050935056e-01 5.261589880192258928e-01 5.219858900538616453e-01 5.173752461557249438e-01 5.123369270148835364e-01 5.068803244323667467e-01 5.010143852335168235e-01 4.947476420381674012e-01 4.880882412429684569e-01 4.810439685240248675e-01 4.736222721280181069e-01 4.658302841858950050e-01 4.576748402540936622e-01 4.491624972632756729e-01
2.333271278990736997e-01 2.481115337359315054e-01 2.490347320770946449e-01 2.303235408758789182e-01 2.613936181955128779e-01 2.892489365932000567e-01 3.144292221049971303e-01 3.373169305695024045e-01 3.581973454195139794e-01 3.772914870409602717e-01 3.947756549845111707e-01 4.107937688161925061e-01 4.254655471807373135e-01 4.388921441630446174e-01 4.511601603571886443e-01 4.623445753925737867e-01 4.725109417695091407e-01 4.817170589157303562e-01 4.900142728522978164e-01 4.974485006253446806e-01 5.040610487216486968e-01 5.098892747911647483e-01 5.149671284728875031e-01 5.193255977334917395e-01 5.229930804934747046e-01 5.259956965476845214e-01 5.283575513088856201e-01 5.301009603305062434e-01 5.312466416380137169e-01 5.318138814385731106e-01 5.318206776607380393e-01 5.312838649113883482e-01 5.302192237623110094e-01 5.286415767476756455e-01 5.265648730321461635e-01 5.240022633724761292e-01 5.209661667241929361e-01 5.174683296252230447e-01 5.135198793091286795e-01 5.091313713537037877e-01 5.043128325495194186e-01 4.990737995725936793e-01 4.934233539617151054e-01 4.873701538309603842e-01 4.809224626891035470e-01 4.740881756879583575e-01 4.668748435795992413e-01 4.592896946266021296e-01 4.513396546788659425e-01 4.430313656043775028e-01
1.680291592673124612e-01 1.815497352575202450e-01 1.705298564475122847e-01 2.072054475821005215e-01 2.394914458287502601e-01 2.683448672198272544e-01 2.943758937151612631e-01 3.180080151446132986e-01 3.395525350031709522e-01 3.592480177644236661e-01 3.772831557196012486e-01 3.938109484830331075e-01 4.089579669625478253e-01 4.228306638204138990e-01 4.355198214640845777e-01 4.471037779213150043e-01 4.576508235988442364e-01 4.672210193555487168e-01 4.758676006795867774e-01 4.836380794579565601e-01 4.905751206181415691e-01 4.967172483671358774e-01 5.020994215246408210e-01 5.067535069449586871e-01 5.107086726404665988e-01 5.139917169416849951e-01 5.166273461963037938e-01 5.186384106867270027e-01 5.200461063396506489e-01 5.208701482111219860e-01 5.211289205168385674e-01 5.208396070416323465e-01 5.200183050337193746e-01 5.186801251174393279e-01 5.168392793055599510e-01 5.145091588312020736e-01 5.117024032294412716e-01 5.084309618641310591e-01 5.047061489046713589e-01 5.005386926012148630e-01 4.959387795782356223e-01 4.909160947599556235e-01 4.854798574526310029e-01 4.796388540347432672e-01 4.734014676440628233e-01 4.667757051982122096e-01 4.597692220410680153e-01 4.523893444696855948e-01 4.446430903643339150e-01 4.365371881167364188e-01
9.458493226337276460e-02 9.962338946616383639e-02 1.450231981353843902e-01 1.834260369945222013e-01 2.170159979879363321e-01 2.469238144054839434e-01 2.738444993949114559e-01 2.982494048380542884e-01 3.204795143388053935e-01 3.407930751738271757e-01 3.593925059317183424e-01 3.764407610415139160e-01 3.920718613595257085e-01 4.063979804066920054e-01 4.195143892412332431e-01 4.315030126182275994e-01 4.424350522776182570e-01 4.523729646049465258e-01 4.613719798753107559e-01 4.694812886896979620e-01 4.767449820400447846e-01 4.832028058203693410e-01 4.888907734271744632e-01 4.938416683237049076e-01 4.980854602182470670e-01 5.016496526566208702e-01 5.045595756007644761e-01 5.068386334644838787e-01 5.085085167730063471e-01 5.095893838794063324e-01 5.101000178521182260e-01 5.100579626340000505e-01 5.094796417866187532e-01 5.083804625173453662e-01 5.067749072003991939e-01 5.046766142158980450e-01 5.020984496207181458e-01 4.990525709145853250e-01 4.955504839614664481e-01 4.916030939601633287e-01 4.872207512214724034e-01 4.824132923964484787e-01 4.771900777066382937e-01 4.715600246489753955e-01 4.655316385824931347e-01 4.591130405488619282e-01 4.523119926320952611e-01 4.451359211232056579e-01 4.375919377218482342e-01 4.296868589781663306e-01
9.522737925019320168e-16 7.011931349966850358e-02 1.186258150986009008e-01 1.589503619008594548e-01 1.939478441827764688e-01 2.249741527303141808e-01 2.528278966216670476e-01 2.780367758719687332e-01 3.009758535635295162e-01 3.219255687336985972e-01 3.411036019242011941e-01 3.586838550714879781e-01 3.748084692400279194e-01 3.895958077419502397e-01 4.031459682194712957e-01 4.155447118578514676e-01 4.268663402407642526e-01 4.371758502668053881e-01 4.465305803403191165e-01 4.549814896643161188e-01 4.625741675001028841e-01 4.693496400973300453e-01 4.753450235935695045e-01 4.805940579727486228e-01 4.851275479945124092e-01 4.889737305133899925e-01 4.921585829361244668e-01 4.947060841553453381e-01 4.966384367735976468e-01 4.979762575398450908e-01 4.987387414861716439e-01 4.989438041532726076e-01 4.986082054427637411e-01 4.977476579701292092e-01 4.963769222689855543e-01 4.945098907820617562e-01 4.921596622421573475e-01 4.893386077788717259e-01 4.860584298700798556e-01 4.823302150802877830e-01 4.781644813829478702e-01 4.735712207441442612e-01 4.685599375458588400e-01 4.631396833443662819e-01 4.573190883901087633e-01 4.511063902772244338e-01 4.445094600417932584e-01 4.375358259862004440e-01 4.301926954716079887e-01 4.224869748902368993e-01
