-1.497384993478775572e-01 -5.000000000000000000e-01 -9.279295359988095626e-01 -1.357716845989739518e+00 -1.787964893374141440e+00 -2.218396404147965573e+00 -2.648919388928567820e+00 -3.079494544405673828e+00 -3.510102261183998262e+00 -3.940731662540382541e+00 -4.371376230486040626e+00 -4.802031821281987689e+00 -5.232695674647584561e+00 -5.663365880891658932e+00 -6.094041076716353089e+00 -6.524720262851371189e+00 -6.955402690156521572e+00 -7.386087785968801889e+00 -7.816775105026895432e+00 -8.247464295909168186e+00 -8.678155077550179897e+00 -9.108847222473100302e+00 -9.539540544599249827e+00 -9.970234890240533332e+00 -1.040093013134566036e+01 -1.083162616036856818e+01 -1.126232288632199463e+01 -1.169302023170869020e+01 -1.212371813011071353e+01 -1.255441652427783339e+01 -1.298511536459852067e+01 -1.341581460786707325e+01 -1.384651421628205625e+01 -1.427721415662695037e+01 -1.470791439959549685e+01 -1.513861491923273128e+01 -1.556931569246927793e+01 -1.600001669873117294e+01 -1.643071791961134309e+01 -1.686141933859164510e+01 -1.729212094080661899e+01 -1.772282271284185740e+01 -1.815352464256115894e+01 -1.858422671895782941e+01 -1.901492893202626533e+01 -1.944563127265066882e+01 -1.987633373250830005e+01 -2.030703630398505055e+01 -2.073773898010160011e+01 -2.116844175444861520e+01
0.000000000000000000e+00 -4.307050817025054323e-01 -8.614101634050107537e-01 -1.292115245107516408e+00 -1.722820326810021507e+00 -2.153525408512527051e+00 -2.584230490215032816e+00 -3.014935571917537693e+00 -3.445640653620043015e+00 -3.876345735322548336e+00 -4.307050817025054101e+00 -4.737755898727558979e+00 -5.168460980430065632e+00 -5.599166062132570509e+00 -6.029871143835075387e+00 -6.460576225537581152e+00 -6.891281307240086029e+00 -7.321986388942592683e+00 -7.752691470645096672e+00 -8.183396552347602437e+00 -8.614101634050108203e+00 -9.044806715752613968e+00 -9.475511797455117957e+00 -9.906216879157625499e+00 -1.033692196086013126e+01 -1.076762704256263348e+01 -1.119833212426514102e+01 -1.162903720596764501e+01 -1.205974228767015077e+01 -1.249044736937265654e+01 -1.292115245107516230e+01 -1.335185753277766807e+01 -1.378256261448017206e+01 -1.421326769618268138e+01 -1.464397277788518537e+01 -1.507467785958768758e+01 -1.550538294129019334e+01 -1.593608802299269911e+01 -1.636679310469520487e+01 -1.679749818639771064e+01 -1.722820326810021641e+01 -1.765890834980272217e+01 -1.808961343150522794e+01 -1.852031851320773015e+01 -1.895102359491023591e+01 -1.938172867661274168e+01 -1.981243375831525100e+01 -2.024313884001775321e+01 -2.067384392172026253e+01 -2.110454900342276829e+01
0.000000000000000000e+00 -3.722017445373342337e-01 -8.003062185484610680e-01 -1.230126372360878184e+00 -1.660385948669627521e+00 -2.090822801605132675e+00 -2.521348689872255466e+00 -2.951925596595206258e+00 -3.382534450214935706e+00 -3.813164631084088541e+00 -4.243809756659580046e+00 -4.674465760064812514e+00 -5.105129927268573731e+00 -5.535800377761480817e+00 -5.966475767395720275e+00 -6.397155109889979485e+00 -6.827837665166104131e+00 -7.258522867039221005e+00 -7.689210274978467652e+00 -8.119899541081665006e+00 -8.550590386945671639e+00 -8.981282587137616957e+00 -9.411975957169113727e+00 -9.842670344604357524e+00 -1.027336562238903284e+01 -1.070406168377874323e+01 -1.113475843843676572e+01 -1.156545580939820184e+01 -1.199615373068412438e+01 -1.242685214540896155e+01 -1.285755100426610653e+01 -1.328825026430639866e+01 -1.371894988794551118e+01 -1.414964984215162858e+01 -1.458035009777644575e+01 -1.501105062900072440e+01 -1.544175141287221820e+01 -1.587245242891848918e+01 -1.630315365882080414e+01 -1.673385508613818473e+01 -1.716455669607281820e+01 -1.759525847526978737e+01 -1.802596041164538576e+01 -1.845666249423938865e+01 -1.888736471308743603e+01 -1.931806705911045086e+01 -1.974876952401844932e+01 -2.017947210022664706e+01 -2.061017478078202458e+01 -2.104087755929888814e+01
0.000000000000000000e+00 -3.235242067339554328e-01 -7.444034890746683564e-01 -1.171659933270102982e+00 -1.600612437096921914e+00 -2.030257598717257750e+00 -2.460252744721756368e+00 -2.890449156705876987e+00 -3.320771897339255041e+00 -3.751179115117015073e+00 -4.181645603210265350e+00 -4.612155274462622856e+00 -5.042697379744510933e+00 -5.473264463735716845e+00 -5.903851193190412516e+00 -6.334453652131330159e+00 -6.765068900429871412e+00 -7.195694687681077006e+00 -7.626329262168177081e+00 -8.056971239985154298e+00 -8.487619513319160092e+00 -8.918273184872875348e+00 -9.348931520129625028e+00 -9.779593912043324622e+00 -1.021025985453714924e+01 -1.064092892234968701e+01 -1.107160075552296163e+01 -1.150227504733114969e+01 -1.193295153479143877e+01 -1.236362999113476846e+01 -1.279431021977995897e+01 -1.322499204947229678e+01 -1.365567533033220826e+01 -1.408635993062132741e+01 -1.451704573407844201e+01 -1.494773263771146077e+01 -1.537842054995693530e+01 -1.580910938913762820e+01 -1.623979908216333001e+01 -1.667048956343127486e+01 -1.710118077389134328e+01 -1.753187266024783497e+01 -1.796256517427523391e+01 -1.839325827222926790e+01 -1.882395191433822745e+01 -1.925464606436202430e+01 -1.968534068920871505e+01 -2.011603575859992787e+01 -2.054673124477806567e+01 -2.097742712224930983e+01
0.000000000000000000e+00 -2.833492813807503286e-01 -6.934248477311811820e-01 -1.116605233612002479e+00 -1.543441509138720802e+00 -1.971794121540266342e+00 -2.400918655645382316e+00 -2.830489037448820078e+00 -3.260340058252814810e+00 -3.690379117082635663e+00 -4.120550298610785589e+00 -4.550817849715832253e+00 -4.981157846008883006e+00 -5.411553674972321204e+00 -5.841993441517920438e+00 -6.272468404815397136e+00 -6.702971997947816618e+00 -7.133499191742076917e+00 -7.564046069616765955e+00 -7.994609536075437006e+00 -8.425187112278011980e+00 -8.855776789785618774e+00 -9.286376924042002656e+00 -9.716986155542690184e+00 -1.014760335064480579e+01 -1.057822755653649516e+01 -1.100885796656593385e+01 -1.143949389325226562e+01 -1.187013474706356142e+01 -1.230078001957363654e+01 -1.273142926997874014e+01 -1.316208211421737140e+01 -1.359273821612519306e+01 -1.402339728019443932e+01 -1.445405904560811905e+01 -1.488472328129478939e+01 -1.531538978180572386e+01 -1.574605836385932989e+01 -1.617672886343007832e+01 -1.660740113328444068e+01 -1.703807504088573666e+01 -1.746875046660502306e+01 -1.789942730218715639e+01 -1.833010544943047648e+01 -1.876078481904624340e+01 -1.919146532966994201e+01 -1.962214690700127306e+01 -2.005282948305381296e+01 -2.048351299549830884e+01 -2.091419738708624010e+01
0.000000000000000000e+00 -2.502617196137961741e-01 -6.470484134679106436e-01 -1.064834640668822052e+00 -1.488806978149336713e+00 -1.915392419557519821e+00 -2.343319866540205965e+00 -2.772026376572309214e+00 -3.201224874193843828e+00 -3.630753768735022202e+00 -4.060515197434515500e+00 -4.490446448869448659e+00 -4.920505489443512737e+00 -5.350663093766632628e+00 -5.780898313411753975e+00 -6.211195741532595349e+00 -6.641543794678510082e+00 -7.071933596379216702e+00 -7.502358230234030145e+00 -7.932812227317530329e+00 -8.363291206420530699e+00 -8.793791616488650931e+00 -9.224310548925245712e+00 -9.654845598608945423e+00 -1.008539475948902187e+01 -1.051595634512294275e+01 -1.094652892747143369e+01 -1.137711128923800530e+01 -1.180770238638082503e+01 -1.223830131835121016e+01 -1.266890730426266032e+01 -1.309951966365614417e+01 -1.353013780085974282e+01 -1.396076119218267308e+01 -1.439138937536215401e+01 -1.482202194081386004e+01 -1.525265852433635416e+01 -1.568329880099524232e+01 -1.611394247997030860e+01 -1.654458930019329443e+01 -1.697523902663832018e+01 -1.740589144715378112e+01 -1.783654636974575070e+01 -1.826720362023950628e+01 -1.869786304025925006e+01 -1.912852448547652529e+01 -1.955918782408664924e+01 -1.998985293547918474e+01 -2.042051970907429848e+01 -2.085118804330127418e+01
0.000000000000000000e+00 -2.229411531044378503e-01 -6.049258026273716116e-01 -1.016207261118384997e+00 -1.436635889777959640e+00 -1.861008722686670946e+00 -2.287427477315255864e+00 -2.715040776976743953e+00 -3.143411229239056137e+00 -3.572291443817646073e+00 -4.001531092742304452e+00 -4.431033607682319797e+00 -4.860734140875871745e+00 -5.290587538587692151e+00 -5.720561397131878500e+00 -6.150631861804392031e+00 -6.580780983381739446e+00 -7.010994997966913722e+00 -7.441263174760734955e+00 -7.871577024487954155e+00 -8.301929743348138047e+00 -8.732315814620049466e+00 -9.162730718137900965e+00 -9.593170715043090269e+00 -1.002363268600365487e+01 -1.045411400802566249e+01 -1.088461245952901990e+01 -1.131512614640186953e+01 -1.174565344381756304e+01 -1.217619295002925384e+01 -1.260674344936127511e+01 -1.303730388233058513e+01 -1.346787332134559989e+01 -1.389845095080469761e+01 -1.432903605069231823e+01 -1.475962798297603129e+01 -1.519022618026212967e+01 -1.562083013628400785e+01 -1.605143939788705509e+01 -1.648205355824230622e+01 -1.691267225107468164e+01 -1.734329514573305531e+01 -1.777392194296242778e+01 -1.820455237126414261e+01 -1.863518618375100289e+01 -1.906582315542044270e+01 -1.949646308078236956e+01 -1.992710577178899456e+01 -2.035775105602273172e+01 -2.078839877510542067e+01
0.000000000000000000e+00 -2.002527584148880990e-01 -5.666985627615006571e-01 -9.705726202018660764e-01 -1.386849695462362364e+00 -1.808595914167697272e+00 -2.233210467224004958e+00 -2.659510424835162201e+00 -3.086883018277441604e+00 -3.514979799810308503e+00 -3.943588243080532685e+00 -4.372571452834241867e+00 -4.801837311290764632e+00 -5.231321573215518050e+00 -5.660978074897640155e+00 -6.090772796151774138e+00 -6.520680116505629620e+00 -6.950680375127255672e+00 -7.380758234165271325e+00 -7.810901553094836913e+00 -8.241100597221571178e+00 -8.671347470117630962e+00 -9.101635699431664506e+00 -9.531959929819180388e+00 -9.962315692017766011e+00 -1.039269922691914161e+01 -1.082310734994464241e+01 -1.125353734535104522e+01 -1.168398688303584088e+01 -1.211445395244693302e+01 -1.254493680963079427e+01 -1.297543393447022098e+01 -1.340594399589563324e+01 -1.383646582338786679e+01 -1.426699838348415383e+01 -1.469754076029169809e+01 -1.512809213923353191e+01 -1.555865179341800442e+01 -1.598921907215087401e+01 -1.641979339120715053e+01 -1.685037422455602396e+01 -1.728096109729188967e+01 -1.771155357957123755e+01 -1.814215128139231581e+01 -1.857275384808400531e+01 -1.900336095639398692e+01 -1.943397231108538392e+01 -1.986458764196632387e+01 -2.029520670128961157e+01 -2.072582926146974458e+01
0.000000000000000000e+00 -1.812676960977626095e-01 -5.320116372722969444e-01 -9.277741610483112300e-01 -1.339365425304521295e+00 -1.758104013042175229e+00 -2.180635924867304176e+00 -2.605412211761339414e+00 -3.031623217435666984e+00 -3.458805821199777863e+00 -3.886676400456177571e+00 -4.315051720778960487e+00 -4.743808204981233345e+00 -5.172859516184676210e+00 -5.602143529839225700e+00 -6.031614411322795632e+00 -6.461237610191718161e+00 -6.890986591849101117e+00 -7.320840642108250584e+00 -7.750783355350689519e+00 -8.180801570358370967e+00 -8.610884606526148843e+00 -9.041023706031229068e+00 -9.471211619984108765e+00 -9.901442297011271876e+00 -1.033171064587496701e+01 -1.076201235238502818e+01 -1.119234373665282334e+01 -1.162270164068739575e+01 -1.205308333906905816e+01 -1.248348646735720990e+01 -1.291390896425733992e+01 -1.334434902455875083e+01 -1.377480506057366583e+01 -1.420527567033889227e+01 -1.463575961123592606e+01 -1.506625577798234339e+01 -1.549676318417220777e+01 -1.592728094671546124e+01 -1.635780827265872261e+01 -1.678834444797302439e+01 -1.721888882797428266e+01 -1.764944082910578516e+01 -1.807999992186204707e+01 -1.851056562467318400e+01 -1.894113749860122198e+01 -1.937171514272522188e+01 -1.980229819011310255e+01 -2.023288630429494006e+01 -2.066347917616644736e+01
0.000000000000000000e+00 -1.652463378235666802e-01 -5.005234392275923483e-01 -8.876524278370414578e-01 -1.294096826935821287e+00 -1.709480656287790890e+00 -2.129669281337643660e+00 -2.552721859584344166e+00 -2.977613956298673425e+00 -3.403755863947968585e+00 -3.830784839115039642e+00 -4.258465777144921027e+00 -4.686639733080411929e+00 -5.115195450498200458e+00 -5.544052753144618428e+00 -5.973152415664049641e+00 -6.402449748387687656e+00 -6.831910400688957274e+00 -7.261507537470043516e+00 -7.691219892194212093e+00 -8.121030394869030999e+00 -8.550925186335295081e+00 -8.980892897738899094e+00 -9.410924115577447679e+00 -9.841010978887027250e+00 -1.027114687201459908e+01 -1.070132618753326526e+01 -1.113154414131045300e+01 -1.156179662682350795e+01 -1.199208009934098129e+01 -1.242239148306519070e+01 -1.285272809609699607e+01 -1.328308758935702016e+01 -1.371346789652676534e+01 -1.414386719275843340e+01 -1.457428386041275026e+01 -1.500471646046806029e+01 -1.543516370853515340e+01 -1.586562445463506066e+01 -1.629609766606875354e+01 -1.672658241284106140e+01 -1.715707785520529427e+01 -1.758758323297730186e+01 -1.801809785633236061e+01 -1.844862109785049142e+01 -1.887915238561690856e+01 -1.930969119721789085e+01 -1.974023705449946320e+01 -2.017078951897804373e+01 -2.060134818781055799e+01
0.000000000000000000e+00 -1.516077057896674241e-01 -4.719126648180833605e-01 -8.500478441422516518e-01 -1.250955442867875522e+00 -1.662671571680515825e+00 -2.080274543193543657e+00 -2.501414046343580111e+00 -2.924836591284419640e+00 -3.349815700836007881e+00 -3.775902384950546864e+00 -4.202804636585774745e+00 -4.630324527416162184e+00 -5.058323233575807265e+00 -5.486700551379007251e+00 -5.915382364620801248e+00 -6.344312687057437117e+00 -6.773448446046422156e+00 -7.202755966936147836e+00 -7.632208545357465290e+00 -8.061784734329116020e+00 -8.491467112346462898e+00 -8.921241382062440550e+00 -9.351095700570235536e+00 -9.781020174758442209e+00 -1.021100647617497970e+01 -1.064104754365510530e+01 -1.107113735124790388e+01 -1.150127072531238781e+01 -1.193144319904987860e+01 -1.236165089583235677e+01 -1.279189043489170530e+01 -1.322215885452675721e+01 -1.365245354914749676e+01 -1.408277221733336226e+01 -1.451311281872212788e+01 -1.494347353802664813e+01 -1.537385275484185243e+01 -1.580424901818367189e+01 -1.623466102491696716e+01 -1.666508760139682011e+01 -1.709552768777841436e+01 -1.752598032455376398e+01 -1.795644464095515502e+01 -1.838691984493031839e+01 -1.881740521444618963e+01 -1.924790008992043511e+01 -1.967840386761372429e+01 -2.010891599384344630e+01 -2.053943595990212856e+01
0.000000000000000000e+00 -1.398976197020114220e-01 -4.458823062088757005e-01 -8.148030421947294322e-01 -1.209851605254742779e+00 -1.617621033669776498e+00 -2.032414522236769994e+00 -2.451462532196452493e+00 -2.873271779555919281e+00 -3.296970567370631322e+00 -3.722017445373341893e+00 -4.148058982983745757e+00 -4.574854954630511727e+00 -5.002236507400448673e+00 -5.430081553953487905e+00 -5.858299666350515800e+00 -6.286822458478112274e+00 -6.715597267506997703e+00 -7.144582887635292145e+00 -7.573746619474737152e+00 -8.003062185484608904e+00 -8.432508229066282723e+00 -8.862067215364639594e+00 -9.291724613821521928e+00 -9.721468281751743490e+00 -1.015128799358629053e+01 -1.058117507717538430e+01 -1.101112212980318361e+01 -1.144112279426375700e+01 -1.187117158069216671e+01 -1.230126372360878406e+01 -1.273139506632056239e+01 -1.316156196676347889e+01 -1.359176122028768319e+01 -1.402198999593382744e+01 -1.445224578352938494e+01 -1.488252634952146991e+01 -1.531282969990867215e+01 -1.574315404897590831e+01 -1.617349779279973632e+01 -1.660385948669627609e+01 -1.703423782594403946e+01 -1.746463162924009893e+01 -1.789503982444805885e+01 -1.832546143627580193e+01 -1.875589557558507181e+01 -1.918634143008618054e+01 -1.961679825621302342e+01 -2.004726537200730974e+01 -2.047774215086885619e+01
0.000000000000000000e+00 -1.297607441685859619e-01 -4.221614586215496345e-01 -7.817647359406083574e-01 -1.170695333422294482e+00 -1.574272295884430850e+00 -1.986051059398193708e+00 -2.402840284027812245e+00 -2.822899552885538732e+00 -3.245205207950758730e+00 -3.669118039476303217e+00 -4.094219189910676349e+00 -4.520223130506741960e+00 -4.946928708827496912e+00 -5.374190220720084454e+00 -5.801899587434505179e+00 -6.229974975613699506e+00 -6.658353303245085009e+00 -7.086985169825163133e+00 -7.515831344229365385e+00 -7.944860279987815410e+00 -8.374046324124897467e+00 -8.803368404033069083e+00 -9.232809050051493216e+00 -9.662353657821913799e+00 -1.009198992456112975e+01 -1.052170741326402137e+01 -1.095149721222966477e+01 -1.138135166646024032e+01 -1.181126416384669753e+01 -1.224122896354147016e+01 -1.267124105712269433e+01 -1.310129605547053266e+01 -1.353139009596966247e+01 -1.396151976590322441e+01 -1.439168203883707875e+01 -1.482187422149631750e+01 -1.525209390917006580e+01 -1.568233894808955675e+01 -1.611260740354022403e+01 -1.654289753271389429e+01 -1.697320776149915744e+01 -1.740353666455943227e+01 -1.783388294816814224e+01 -1.826424543536590051e+01 -1.869462305308160310e+01 -1.912501482092070404e+01 -1.955541984137448708e+01 -1.998583729124438690e+01 -2.041626641410931597e+01
0.000000000000000000e+00 -1.209179081728364302e-01 -4.005055168297757540e-01 -7.507851588413885224e-01 -1.133397125523001314e+00 -1.532567995260863736e+00 -1.941145240403732153e+00 -2.355519597662024900e+00 -2.773699390924724728e+00 -3.194503922006465491e+00 -3.617191828335394543e+00 -4.041275341254033648e+00 -4.466420934448009916e+00 -4.892393080021407492e+00 -5.319020849670324402e+00 -5.746177258672559240e+00 -6.173766036554883208e+00 -6.601712893479901645e+00 -7.029959599620617006e+00 -7.458459876534877964e+00 -7.887176486161066258e+00 -8.316079129716928975e+00 -8.745142905668483735e+00 -9.174347160830020442e+00 -9.603674622581529263e+00 -1.003311073519442154e+01 -1.046264314643103610e+01 -1.089226130620506616e+01 -1.132195614979528031e+01 -1.175171984555350235e+01 -1.218154559230354828e+01 -1.261142745538470322e+01 -1.304136023301125924e+01 -1.347133934660834598e+01 -1.390136075025451134e+01 -1.433142085545921063e+01 -1.476151646833054265e+01 -1.519164473681711591e+01 -1.562180310618967383e+01 -1.605198928129989611e+01 -1.648220119444314236e+01 -1.691243697787813360e+01 -1.734269494023526192e+01 -1.777297354618656300e+01 -1.820327139886332901e+01 -1.863358722459778960e+01 -1.906391985963836078e+01 -1.949426823854703272e+01 -1.992463138403553202e+01 -2.035500839803654571e+01
0.000000000000000000e+00 -1.131484158883506730e-01 -3.806952815778790189e-01 -7.217231062270341724e-01 -1.097868640952215813e+00 -1.492450524131559320e+00 -1.897657601274095107e+00 -2.309472216700696912e+00 -2.725650293375722288e+00 -3.144850609839331401e+00 -3.566226145293740046e+00 -3.989217251918262264e+00 -4.413440024052851740e+00 -4.838622678985345260e+00 -5.264567584714934689e+00 -5.691127680945592182e+00 -6.118191329014909030e+00 -6.545672283977228112e+00 -6.973502881759293892e+00 -7.401629302746659533e+00 -7.830008210785523559e+00 -8.258604324063139046e+00 -8.687388630290342917e+00 -9.116337055579451842e+00 -9.545429458141441614e+00 -9.974648858073308588e+00 -1.040398084112999300e+01 -1.083341309234761596e+01 -1.126293502771710209e+01 -1.169253750069774078e+01 -1.212221256642799538e+01 -1.255195329083209010e+01 -1.298175359496452508e+01 -1.341160812723623508e+01 -1.384151215786910072e+01 -1.427146149119766427e+01 -1.470145239239609403e+01 -1.513148152593780615e+01 -1.556154590365426138e+01 -1.599164284069141928e+01 -1.642176991799818708e+01 -1.685192495024456605e+01 -1.728210595827463791e+01 -1.771231114536406182e+01 -1.814253887668319010e+01 -1.857278766147219784e+01 -1.900305613751948997e+01 -1.943334305760373582e+01 -1.986364727761571913e+01 -2.029396774612221321e+01
0.000000000000000000e+00 -1.062765208077540713e-01 -3.625353921955252190e-01 -6.944446327108018124e-01 -1.064023274544593889e+00 -1.453862367878783424e+00 -1.855548322096622460e+00 -2.264669447137686920e+00 -2.678730850609042591e+00 -3.096228817911995002e+00 -3.516208026084350458e+00 -3.938034488515502751e+00 -4.361271849734608352e+00 -4.785610390150163873e+00 -5.210824423522678828e+00 -5.636745731131527215e+00 -6.063246434871333967e+00 -6.490227629589855773e+00 -6.917611642399556615e+00 -7.345336640900584690e+00 -7.773352800912355143e+00 -8.201619532890720876e+00 -8.630103441557920974e+00 -9.058776802590475796e+00 -9.487616409962466690e+00 -9.916602692996354662e+00 -1.034571903236935242e+01 -1.077495122473888500e+01 -1.120428705967845140e+01 -1.163371598239862159e+01 -1.206322882264559126e+01 -1.249281757512429003e+01 -1.292247522038343632e+01 -1.335219557773120158e+01 -1.378197318369820223e+01 -1.421180319102080425e+01 -1.464168128421650117e+01 -1.507160360865893800e+01 -1.550156671070137904e+01 -1.593156748689284186e+01 -1.636160314071674193e+01 -1.679167114558417850e+01 -1.722176921305229769e+01 -1.765189526542727805e+01 -1.808204741206245814e+01 -1.851222392878325707e+01 -1.894242323996821753e+01 -1.937264390289471550e+01 -1.980288459402254375e+01 -2.023314409694113891e+01
0.000000000000000000e+00 -1.001611728521547562e-01 -3.458523963217610131e-01 -6.688234593133133288e-01 -1.031776626996292912e+00 -1.416746406903752753e+00 -1.814777407882113724e+00 -2.221082267034303115e+00 -2.632919312320344929e+00 -3.048621783355155657e+00 -3.467124238655906687e+00 -3.887716389963828512e+00 -4.309907669333878921e+00 -4.733348934990093682e+00 -5.157785225396863460e+00 -5.583026168060013283e+00 -6.008926834743697043e+00 -6.435374997829731214e+00 -6.862282431945767591e+00 -7.289578842974868245e+00 -7.717207545693604231e+00 -8.145122330930231414e+00 -8.573285158005461426e+00 -9.001664430049839183e+00 -9.430233687717167967e+00 -9.858970607701333932e+00 -1.028785622633115082e+01 -1.071687433145293866e+01 -1.114601098159175230e+01 -1.157525412240293861e+01 -1.200459327822691336e+01 -1.243401930215324214e+01 -1.286352417205712229e+01 -1.329310082304696117e+01 -1.372274300896647681e+01 -1.415244518724410483e+01 -1.458220242262760991e+01 -1.501201030628969590e+01 -1.544186488751770270e+01 -1.587176261576307112e+01 -1.630170029126407627e+01 -1.673167502279871144e+01 -1.716168419139563284e+01 -1.759172541904588627e+01 -1.802179654163006006e+01 -1.845189558541317609e+01 -1.888202074657085916e+01 -1.931217037330058162e+01 -1.974234295014522189e+01 -2.017253708421631586e+01
0.000000000000000000e+00 -9.468826297182086904e-02 -3.304926756471333604e-01 -6.447411442892940769e-01 -1.001046878455184697e+00 -1.381046182661041843e+00 -1.775304855674082916e+00 -2.178681430668029329e+00 -2.588193653871642574e+00 -3.002012477481837749e+00 -3.418961312575581779e+00 -3.838252087915716260e+00 -4.259338562675287321e+00 -4.681830882633692070e+00 -5.105443719168688332e+00 -5.529963638491782518e+00 -5.955227912597347739e+00 -6.381110372464930514e+00 -6.807511727895937170e+00 -7.234352797171578864e+00 -7.661569678230079283e+00 -8.089110243427143132e+00 -8.516931554289842055e+00 -8.944997927078818023e+00 -9.373279466160823858e+00 -9.801750938600847007e+00 -1.023039090099640092e+01 -1.065918101509127958e+01 -1.108810550628923686e+01 -1.151715073148299240e+01 -1.194630483132809928e+01 -1.237555744834522287e+01 -1.280489949677537531e+01 -1.323432297344603192e+01 -1.366382080137791455e+01 -1.409338669971272928e+01 -1.452301507494008703e+01 -1.495270092946669749e+01 -1.538243978438842419e+01 -1.581222761395853382e+01 -1.624206078973806200e+01 -1.667193603280081504e+01 -1.710185037267059016e+01 -1.753180111191052148e+01 -1.796178579547779819e+01 -1.839180218411252810e+01 -1.882184823115489536e+01 -1.925192206228638980e+01 -1.968202195777405450e+01 -2.011214633686435249e+01
0.000000000000000000e+00 -8.976474596126848837e-02 -3.163203730769774680e-01 -6.220870678363601414e-01 -9.717550738726208337e-01 -1.346706128347784137e+00 -1.737090807404600312e+00 -2.137437566695055580e+00 -2.544531640013480533e+00 -2.956383648121048147e+00 -3.371705567893134692e+00 -3.789630526944350208e+00 -4.209555446022388736e+00 -4.631048660439881282e+00 -5.053793511087302903e+00 -5.477552683108972253e+00 -5.902144960363873594e+00 -6.327429657134681307e+00 -6.753295937706862873e+00 -7.179655330214266051e+00 -7.606436377433616336e+00 -8.033580747666041688e+00 -8.461040362449281815e+00 -8.888775244781236040e+00 -9.316751886010630201e+00 -9.744941991525145397e+00 -1.017332150677672686e+01 -1.060186985332318166e+01 -1.103056932398778045e+01 -1.145940459983853543e+01 -1.188836236134015678e+01 -1.231743097296581269e+01 -1.274660022559602801e+01 -1.317586112473511939e+01 -1.360520571532383372e+01 -1.403462693598600808e+01 -1.446411849710355568e+01 -1.489367477830052167e+01 -1.532329074182846185e+01 -1.575296185905100366e+01 -1.618268404777531089e+01 -1.661245361860981973e+01 -1.704226722886836498e+01 -1.747212184281143976e+01 -1.790201469723182726e+01 -1.833194327156542869e+01 -1.876190526184846163e+01 -1.919189855795609390e+01 -1.962192122365037505e+01 -2.005197147904131327e+01
0.000000000000000000e+00 -8.531416748245046477e-02 -3.032154115793348481e-01 -6.007582752446634089e-01 -9.438253296361667211e-01 -1.313671765514862422e+00 -1.700095688284503304e+00 -2.097321269987523884e+00 -2.501910885735751044e+00 -2.911717860605598673e+00 -3.325343143361031650e+00 -3.741840484420515978e+00 -4.160549086387087314e+00 -4.580994564510288747e+00 -5.002828092687161110e+00 -5.425787742503090705e+00 -5.849673182568839280e+00 -6.274328678975813034e+00 -6.699631401672015762e+00 -7.125483209658125539e+00 -7.551804769901093728e+00 -7.978531274505487048e+00 -8.405609273171549489e+00 -8.832994297299880060e+00 -9.260649054832324367e+00 -9.688542042471366855e+00 -1.011664646715161453e+01 -1.054493939943092684e+01 -1.097340110275801450e+01 -1.140201449750252749e+01 -1.183076472924160250e+01 -1.225963881842774583e+01 -1.268862537411487423e+01 -1.311771435850272205e+01 -1.354689689209284253e+01 -1.397616509152364017e+01 -1.440551193387229389e+01 -1.483493114252364364e+01 -1.526441709071493058e+01 -1.569396471964655326e+01 -1.612356946865823204e+01 -1.655322721544846587e+01 -1.698293422469292580e+01 -1.741268710371790007e+01 -1.784248276412488110e+01 -1.827231838845532153e+01 -1.870219140114047107e+01 -1.913209944310754906e+01 -1.956204034951688442e+01 -1.999201213018896794e+01
0.000000000000000000e+00 -8.127324017898285291e-02 -2.910716556400103627e-01 -5.806592166451371995e-01 -9.171849713384565561e-01 -1.281889868388678799e+00 -1.664280330772810679e+00 -2.058303186919219208e+00 -2.460308914044496476e+00 -2.867997537271520514e+00 -3.279860023916159939e+00 -3.694870590018250134e+00 -4.112310115652824116e+00 -4.531660770110623737e+00 -4.952540848614162883e+00 -5.374663163147785028e+00 -5.797807700957787524e+00 -6.221803192254212078e+00 -6.646514395807461284e+00 -7.071833146209349330e+00 -7.497671931797673217e+00 -7.923959209921622282e+00 -8.350635937070217452e+00 -8.777652962880152288e+00 -9.204969047933243331e+00 -9.632549338358526114e+00 -1.006036417931075455e+01 -1.048838818285953778e+01 -1.091659948899742361e+01 -1.134497917475031592e+01 -1.177351077795410283e+01 -1.220217991060146367e+01 -1.263097394273797924e+01 -1.305988174235887733e+01 -1.348889346008271239e+01 -1.391800034987359247e+01 -1.434719461897244130e+01 -1.477646930163967554e+01 -1.520581815242075763e+01 -1.563523555550555777e+01 -1.606471644742314453e+01 -1.649425625084042224e+01 -1.692385081764928856e+01 -1.735349637985827798e+01 -1.778318950706906065e+01 -1.821292706953131812e+01 -1.864270620594112415e+01 -1.907252429528785598e+01 -1.950237893216849372e+01 -1.993226790508145996e+01
0.000000000000000000e+00 -7.758920551498160734e-02 -2.797952394040228441e-01 -5.617014150486872026e-01 -8.917646124177514011e-01 -1.251308598068980871e+00 -1.629606084389458864e+00 -2.020354093976633791e+00 -2.419703210509485558e+00 -2.825204995348814307e+00 -3.235242067339552996e+00 -3.648709344792824716e+00 -4.064829044473540876e+00 -4.483039341975350034e+00 -4.902925064392904986e+00 -5.324173203344110483e+00 -5.746543559111838562e+00 -6.169848881994996148e+00 -6.593941134741262644e+00 -7.018701796050205388e+00 -7.444034890746683786e+00 -7.869861896558612457e+00 -8.296117965967491514e+00 -8.722749084939911413e+00 -9.149709909261023455e+00 -9.576962097787600214e+00 -1.000447301480089735e+01 -1.043221470977054466e+01 -1.086016310790697581e+01 -1.128829736251207549e+01 -1.171659933270103160e+01 -1.214505315912817629e+01 -1.257364491695622455e+01 -1.300236233017688470e+01 -1.343119453501399541e+01 -1.386013188286154829e+01 -1.428916577527058429e+01 -1.471828852507389485e+01 -1.514749323894947430e+01 -1.557677371766371088e+01 -1.600612437096921781e+01 -1.643554014470868907e+01 -1.686501645813256545e+01 -1.729454914980079394e+01 -1.772413443072927919e+01 -1.815376884367510968e+01 -1.858344922764304386e+01 -1.901317268684929473e+01 -1.944293656350348698e+01 -1.987273841387228757e+01
0.000000000000000000e+00 -7.421778670552381385e-02 -2.693030680772112717e-01 -5.438030882932887167e-01 -8.674981829554502255e-01 -1.221877609016600807e+00 -1.596034911816890833e+00 -1.983444969665253410e+00 -2.380071274472090437e+00 -2.783322483144933912e+00 -3.191475030021352133e+00 -3.603345139780319784e+00 -4.018096275913562998e+00 -4.435122244471592978e+00 -4.853973934118268829e+00 -5.274312039126524354e+00 -5.695875727044408698e+00 -6.118461367605335433e+00 -6.541907774601913417e+00 -6.966085763166619316e+00 -7.390890627723734951e+00 -7.816236635284018242e+00 -8.242052934182172663e+00 -8.668280473144266196e+00 -9.094869652307000507e+00 -9.521778511805901957e+00 -9.948971320176697830e+00 -1.037641746359933492e+01 -1.080409056397104450e+01 -1.123196777278806380e+01 -1.166002920136853227e+01 -1.208825745773527238e+01 -1.251663726762193818e+01 -1.294515516233688146e+01 -1.337379922014531530e+01 -1.380255885078186751e+01 -1.423142461494370004e+01 -1.466038807232493824e+01 -1.508944165307104157e+01 -1.551857854855403041e+01 -1.594779261816830562e+01 -1.637707830947473298e+01 -1.680643058951768154e+01 -1.723584488553494509e+01 -1.766531703359727601e+01 -1.809484323396839045e+01 -1.852442001218280865e+01 -1.895404418500561405e+01 -1.938371283057515626e+01 -1.981342326214174676e+01
0.000000000000000000e+00 -7.112158883043306901e-02 -2.595214883371719239e-01 -5.268887450839363495e-01 -8.443229172430992691e-01 -1.193548130382662720e+00 -1.563529471881216715e+00 -1.947547059762793076e+00 -2.341390666844588964e+00 -2.742332214443297111e+00 -3.148544591768862588e+00 -3.558766274073507319e+00 -3.972102118796387416e+00 -4.387901351599865052e+00 -4.805680568055624491e+00 -5.225073770118380700e+00 -5.645799105771077464e+00 -6.067636206484094963e+00 -6.490410415901517460e+00 -6.913981601674998423e+00 -7.338236078952606434e+00 -7.763080686747286130e+00 -8.188438379821352697e+00 -8.614244904484309018e+00 -9.040446261013483920e+00 -9.466996744675222786e+00 -9.893857417654993824e+00 -1.032099490561568267e+01 -1.074838044144016891e+01 -1.117598909906655003e+01 -1.160379917486901036e+01 -1.203179168455380221e+01 -1.245994995122739901e+01 -1.288825926597113281e+01 -1.331670660649017002e+01 -1.374528040258992156e+01 -1.417397033965032627e+01 -1.460276719311763394e+01 -1.503166268845873077e+01 -1.546064938212973239e+01 -1.588972055997563082e+01 -1.631887015015842479e+01 -1.674809264824979493e+01 -1.717738305255352316e+01 -1.760673680806614172e+01 -1.803614975776078211e+01 -1.846561810010298643e+01 -1.889513835188876811e+01 -1.932470731564382760e+01 -1.975432205094463711e+01
0.000000000000000000e+00 -6.826883940845096532e-02 -2.503851172872906261e-01 -5.108887706301814546e-01 -8.221793079256478620e-01 -1.166273024776541156e+00 -1.532053190114856633e+00 -1.912631936041950809e+00 -2.303639054470001390e+00 -2.702216401058827877e+00 -3.106436379605920450e+00 -3.514960972334391087e+00 -3.926836800733513932e+00 -4.341368456810945631e+00 -4.758038000134791723e+00 -5.176452425326293572e+00 -5.596308531844841561e+00 -6.017368897612620948e+00 -6.439445106409513286e+00 -6.862385818145220640e+00 -7.286068137800557842e+00 -7.710391272939563834e+00 -8.135271806074419132e+00 -8.560640124358688041e+00 -8.986437690684050850e+00 -9.412614934642927977e+00 -9.839129605771994136e+00 -1.026594547548700653e+01 -1.069303130481637076e+01 -1.112036001674404595e+01 -1.154790802750669165e+01 -1.197565470243793762e+01 -1.240358191018513345e+01 -1.283167365521089920e+01 -1.325991577303521218e+01 -1.368829567609571107e+01 -1.411680214070290695e+01 -1.454542512755688755e+01 -1.497415562982691029e+01 -1.540298554398800590e+01 -1.583190755954122686e+01 -1.626091506447860979e+01 -1.669000206393537411e+01 -1.711916310993520085e+01 -1.754839324050547589e+01 -1.797768792673828386e+01 -1.840704302661460190e+01 -1.883645474460609393e+01 -1.926591959622919603e+01 -1.969543437685834419e+01
0.000000000000000000e+00 -6.563238992322606435e-02 -2.418358163456728605e-01 -4.957390134707004847e-01 -8.010110336595515079e-01 -1.140006827041562865e+00 -1.501570317682777045e+00 -1.878671548645056255e+00 -2.266794251046003517e+00 -2.662957283511123485e+00 -3.065135990521727472e+00 -3.471917401709094797e+00 -3.882290480807464306e+00 -4.295515282619891906e+00 -4.711039195324049800e+00 -5.128441968863373113e+00 -5.547398781849449456e+00 -5.967654885121302044e+00 -6.389007844012930981e+00 -6.811294873916722281e+00 -7.234383656670789087e+00 -7.658165578753032499e+00 -8.082550682508067297e+00 -8.507463847656941525e+00 -8.932841868896019832e+00 -9.358631194715430368e+00 -9.784786160042814984e+00 -1.021126759184390131e+01 -1.063804169934064880e+01 -1.106507918354757258e+01 -1.149235451734511848e+01 -1.191984535928613553e+01 -1.234753207310976642e+01 -1.277539733143476219e+01 -1.320342578695980329e+01 -1.363160379815869128e+01 -1.405991919924123401e+01 -1.448836110628254836e+01 -1.491691975306975593e+01 -1.534558635149460137e+01 -1.577435297232213252e+01 -1.620321244295445950e+01 -1.663215825943385795e+01 -1.706118451042768669e+01 -1.749028581133696747e+01 -1.791945724699214537e+01 -1.834869432166004088e+01 -1.877799291529780135e+01 -1.920734924516305853e+01 -1.963675983203129150e+01
0.000000000000000000e+00 -6.318891873810006388e-02 -2.338217952956478385e-01 -4.813803818782389499e-01 -7.807648663466810746e-01 -1.114705765522189473e+00 -1.472045979507154989e+00 -1.845638272342286612e+00 -2.230834254646896220e+00 -2.624537159793075780e+00 -3.024629013136856948e+00 -3.429623688116193669e+00 -3.838453261886078494e+00 -4.250333490000040015e+00 -4.664677056871405547e+00 -5.081036305591926094e+00 -5.499064576843892382e+00 -5.918489561826705270e+00 -6.339094579559326093e+00 -6.760705187404798089e+00 -7.183179448889796426e+00 -7.606400753538119730e+00 -8.030272446360919858e+00 -8.454713759843572873e+00 -8.879656696414285122e+00 -9.305043613433355176e+00 -9.730825333622886930e+00 -1.015695965284761115e+01 -1.058341015148232067e+01 -1.101014523995872452e+01 -1.143713738657627843e+01 -1.186436248836388252e+01 -1.229179935510132538e+01 -1.271942928351828073e+01 -1.314723570385680240e+01 -1.357520388488372021e+01 -1.400332068640688199e+01 -1.443157435062521898e+01 -1.485995432540081218e+01 -1.528845111390917211e+01 -1.571705614619528113e+01 -1.614576166900736354e+01 -1.657456065094991970e+01 -1.700344670053146601e+01 -1.743241399511048684e+01 -1.786145721908822992e+01 -1.829057150997634196e+01 -1.871975241119491784e+01 -1.914899583064242705e+01 -1.957829800423162325e+01
0.000000000000000000e+00 -6.091829050485930708e-02 -2.262968317767013460e-01 -4.677584556850300501e-01 -7.613905631557580378e-01 -1.090327768179006007e+00 -1.443446212454069233e+00 -1.813504946944371810e+00 -2.195737281904431626e+00 -2.586938412228500184e+00 -2.984901048263118639e+00 -3.388067931884577888e+00 -3.795315202548190214e+00 -4.205814687541420405e+00 -4.618944433401393823e+00 -5.034229286676840331e+00 -5.451300586751444577e+00 -5.869868272734427350e+00 -6.289701219678662802e+00 -6.710613136394279366e+00 -7.132452290587480093e+00 -7.555093912656845490e+00 -7.978434503836524527e+00 -8.402387518041818382e+00 -8.826880048105703480e+00 -9.251850255647752874e+00 -9.677245357970690520e+00 -1.010302003675889893e+01 -1.052913516942986938e+01 -1.095555680963918022e+01 -1.138225536189118436e+01 -1.180920490862775729e+01 -1.223638265802981806e+01 -1.266376848808478961e+01 -1.309134456795445622e+01 -1.351909504181798027e+01 -1.394700576351858778e+01 -1.437506407276289266e+01 -1.480325860549331907e+01 -1.523157913251133699e+01 -1.566001642157104889e+01 -1.608856211906346800e+01 -1.651720864812627809e+01 -1.694594912058397540e+01 -1.737477726058068583e+01 -1.780368733813673998e+01 -1.823267411115890368e+01 -1.866173277467753877e+01 -1.909085891628288323e+01 -1.952004847689625322e+01
0.000000000000000000e+00 -5.880303800926078850e-02 -2.192195922520605578e-01 -4.548231173690027163e-01 -7.428407477473024656e-01 -1.066832455751547393e+00 -1.415737994454249637e+00 -1.782244912170863671e+00 -2.161481798931130349e+00 -2.550143532426754511e+00 -2.945937728342419071e+00 -3.347238222721951928e+00 -3.752866328603625234e+00 -4.161950440359820647e+00 -4.573834125856768296e+00 -4.988014715041547475e+00 -5.404101434687169636e+00 -5.821786318502941704e+00 -6.240823629580631859e+00 -6.661015060317893699e+00 -7.082198922567892296e+00 -7.504242139030740333e+00 -7.927034231393406571e+00 -8.350482752116164420e+00 -8.774509773853257144e+00 -9.199049163296763254e+00 -9.624044443511309055e+00 -1.004944710250802231e+01 -1.047521524358297285e+01 -1.090131249985746820e+01 -1.132770715485164281e+01 -1.175437142505073318e+01 -1.218128087082092570e+01 -1.260841390975732246e+01 -1.303575141233925905e+01 -1.346327636414885554e+01 -1.389097358224848655e+01 -1.431882947587839716e+01 -1.474683184362127797e+01 -1.517496970072742357e+01 -1.560323313150741598e+01 -1.603161316265678593e+01 -1.646010165413702708e+01 -1.688869120484427810e+01 -1.731737507078394600e+01 -1.774614709386239753e+01 -1.817500163972555782e+01 -1.860393354333344007e+01 -1.903293806117230957e+01 -1.946201082918020475e+01
0.000000000000000000e+00 -5.682794044726602323e-02 -2.125530416155081426e-01 -4.425282047049678980e-01 -7.250707843910513262e-01 -1.044181123994661675e+00 -1.388889265421603625e+00 -1.751832037296573219e+00 -2.128046549089187778e+00 -2.514135144355038598e+00 -2.907724735757566847e+00 -3.307122653999689632e+00 -3.711096644193244920e+00 -4.118732278744405839e+00 -4.529338894275373839e+00 -4.942386350719024435e+00 -5.357461701218085182e+00 -5.774238958864088112e+00 -6.192457635823990003e+00 -6.611907262516673711e+00 -7.032416052168700915e+00 -7.453842484681754144e+00 -7.876068977031005502e+00 -8.298997065752592661e+00 -8.722543699469216705e+00 -9.146638356182055674e+00 -9.571220780300327746e+00 -9.996239190265365337e+00 -1.042164884704535766e+01 -1.084741090191664803e+01 -1.127349146226305443e+01 -1.169986082894839008e+01 -1.212649286974266793e+01 -1.255336450141140858e+01 -1.298045525917971155e+01 -1.340774693690264208e+01 -1.383522328479911323e+01 -1.426286975431756154e+01 -1.469067328180117116e+01 -1.511862210425780439e+01 -1.554670560182471029e+01 -1.597491416253281393e+01 -1.640323906578144175e+01 -1.683167238157821188e+01 -1.726020688311584195e+01 -1.768883597067502222e+01 -1.811755360518095159e+01 -1.854635425001701066e+01 -1.897523281992493338e+01 -1.940418463600616761e+01
0.000000000000000000e+00 -5.497967814265880548e-02 -2.062639298811523858e-01 -4.308311861282136945e-01 -7.080386480138836092e-01 -1.022336716830702485e+00 -1.362868940811281071e+00 -1.722240745913100390e+00 -2.095410577723806789e+00 -2.478896025560516136e+00 -2.870247820015189077e+00 -3.267709336344181814e+00 -3.669996142457468302e+00 -4.076151706533370778e+00 -4.485451464393580778e+00 -4.897337916091037968e+00 -5.311375928550653214e+00 -5.727221415996025300e+00 -6.144599029054775841e+00 -6.563286012480009646e+00 -6.983100355107291435e+00 -7.403891972264640131e+00 -7.825536061570245394e+00 -8.247928037535647405e+00 -8.670979627606534734e+00 -9.094615832744507244e+00 -9.518772538687567675e+00 -9.943394622012288409e+00 -1.036843443611820348e+01 -1.079385059158269300e+01 -1.121960696654793743e+01 -1.164567189830601812e+01 -1.207201751869288664e+01 -1.249861920442868879e+01 -1.292545511995085583e+01 -1.335250583514394407e+01 -1.377975400408110573e+01 -1.420718409374802604e+01 -1.463478215393430837e+01 -1.506253562120484624e+01 -1.549043315122086995e+01 -1.591846447475266579e+01 -1.634662027357828151e+01 -1.677489207314393127e+01 -1.720327214940893512e+01 -1.763175344774039388e+01 -1.806032951208134563e+01 -1.848899442290852591e+01 -1.891774274273559087e+01 -1.934656946811440648e+01
0.000000000000000000e+00 -5.324654824089680716e-02 -2.003223457043104005e-01 -4.196928591060329339e-01 -6.917047926435229144e-01 -1.001263792074439607e+00 -1.337646918626626658e+00 -1.693446036149830469e+00 -2.063553253992585823e+00 -2.444409126584186964e+00 -2.833492813807505506e+00 -3.228986410528972506e+00 -3.629554815764227449e+00 -4.034200209208762544e+00 -4.442164534068606230e+00 -4.852863101009329938e+00 -5.265838624640689858e+00 -5.680728877844824609e+00 -6.097243566710311313e+00 -6.515147548062891758e+00 -6.934248477311813375e+00 -7.354387596589356590e+00 -7.775432779927657023e+00 -8.197273222021379979e+00 -8.619815338667757842e+00 -9.042979570838486580e+00 -9.466697869980187363e+00 -9.890911702111894854e+00 -1.031557045079372692e+01 -1.074063012951329199e+01 -1.116605233612002657e+01 -1.159180339810627736e+01 -1.201785366948739409e+01 -1.244417694895123816e+01 -1.287074999565946243e+01 -1.329755212417581056e+01 -1.372456486389153696e+01 -1.415177167131864877e+01 -1.457915768594973649e+01 -1.500670952220134602e+01 -1.543441509138720846e+01 -1.586226344879762706e+01 -1.629024466186046283e+01 -1.671834969607785837e+01 -1.714657031601092285e+01 -1.757489899905154118e+01 -1.800332886009967837e+01 -1.843185358557362719e+01 -1.886046737543433593e+01 -1.928916489211285779e+01
0.000000000000000000e+00 -5.161822933756621268e-02 -1.947013277326821168e-01 -4.090770712014544230e-01 -6.760320202165530645e-01 -9.809284812056251468e-01 -1.313194080644008999e+00 -1.665423496700723760e+00 -2.032454289932164926e+00 -2.410657588616996527e+00 -2.797445647965592030e+00 -3.190942059665777819e+00 -3.589762665489795168e+00 -3.992869261703111405e+00 -4.399470779513073637e+00 -4.808955567793198327e+00 -5.220844267221083967e+00 -5.634756501391029460e+00 -6.050386975686212310e+00 -6.467488077678160252e+00 -6.885857036735293590e+00 -7.305326326132098202e+00 -7.725756402381865229e+00 -8.147030150805321114e+00 -8.569048591710764384e+00 -8.991727528504180000e+00 -9.414994907104693667e+00 -9.838788717879253909e+00 -1.026305531524866943e+01 -1.068774806168679881e+01 -1.111282622575870427e+01 -1.153825408065736013e+01 -1.196400016214862738e+01 -1.239003665413637734e+01 -1.281633887706980168e+01 -1.324288485974033414e+01 -1.366965497909278326e+01 -1.409663165581945243e+01 -1.452379909594763241e+01 -1.495114307053946412e+01 -1.537865072712460801e+01 -1.580631042767418926e+01 -1.623411160887016536e+01 -1.666204466118100669e+01 -1.709010082386320306e+01 -1.751827209350030046e+01 -1.794655114409088981e+01 -1.837493125702321706e+01 -1.880340625954127631e+01 -1.923197047052749298e+01
0.000000000000000000e+00 -5.008558560671971804e-02 -1.893765259436417381e-01 -3.989504630894966652e-01 -6.609853512942667209e-01 -9.612984444894632219e-01 -1.289482288578588154e+00 -1.638149319000257620e+00 -2.002093756910369393e+00 -2.377624759455678749e+00 -2.762092365322083687e+00 -3.153564520696088280e+00 -3.550609711348165831e+00 -3.952150335912024914e+00 -4.357362861336058657e+00 -4.765608956098441595e+00 -5.176387307743285149e+00 -5.589299415857928111e+00 -6.004024954963675498e+00 -6.420303782461640907e+00 -6.837922625151163558e+00 -7.256705104533599737e+00 -7.676504175831432519e+00 -8.097196333584555816e+00 -8.518677125350574642e+00 -8.940857644737402410e+00 -9.363661765267384141e+00 -9.787023940150767487e+00 -1.021088743833737666e+01 -1.063520291983109800e+01 -1.105992727698356504e+01 -1.148502268592140574e+01 -1.191045582519469548e+01 -1.233619722841197941e+01 -1.276222074492986280e+01 -1.318850308821979134e+01 -1.361502345579187434e+01 -1.404176320784200627e+01 -1.446870559434315773e+01 -1.489583552230006802e+01 -1.532313935646015857e+01 -1.575060474801940380e+01 -1.617822048685428626e+01 -1.660597637360564249e+01 -1.703386310857968411e+01 -1.746187219494917287e+01 -1.788999585415763605e+01 -1.831822695177346816e+01 -1.874655893232164772e+01 -1.917498576185289494e+01
0.000000000000000000e+00 -4.864050299200961547e-02 -1.843259061674036303e-01 -3.892822325057583299e-01 -6.465318988703554481e-01 -9.423428225807661818e-01 -1.266484375864649792e+00 -1.611600305884930862e+00 -1.972452099616550214e+00 -2.345294207821825516e+00 -2.727419133505888382e+00 -3.116842095188255612e+00 -3.512086000266881669e+00 -3.912034907908207515e+00 -4.315833430385788816e+00 -4.722816887653292994e+00 -5.132462175228740264e+00 -5.544352725858344044e+00 -5.958153178194580235e+00 -6.373590818408114700e+00 -6.790441809928623229e+00 -7.208520852083436736e+00 -7.627673325042993113e+00 -8.047769259213174209e+00 -8.468698658656617084e+00 -8.890367840256343968e+00 -9.312696542612803441e+00 -9.735615623852275746e+00 -1.015906521408415131e+01 -1.058299322185213676e+01 -1.100735411842891054e+01 -1.143210794184301982e+01 -1.185721947592863224e+01 -1.228265756973202905e+01 -1.270839457019791574e+01 -1.313440584683813839e+01 -1.356066939152022499e+01 -1.398716547994024317e+01 -1.441387638401072557e+01 -1.484078612648249162e+01 -1.526788027076411502e+01 -1.569514574020663922e+01 -1.612257066216024981e+01 -1.655014423294222681e+01 -1.697785660052592505e+01 -1.740569876230351554e+01 -1.783366247571616015e+01 -1.826174017990619802e+01 -1.868992492684109763e+01 -1.911821032060309022e+01
0.000000000000000000e+00 -4.727575156367791465e-02 -1.795294919225369767e-01 -3.800439179348806817e-01 -6.326407461539549359e-01 -9.240321855949051866e-01 -1.244174135672720283e+00 -1.585753877066595763e+00 -1.943510147745241667e+00 -2.313649736112166622e+00 -2.693412256695568274e+00 -3.080763159447949207e+00 -3.474181614809200624e+00 -3.872514464853848537e+00 -4.274875133390111159e+00 -4.680572970857541648e+00 -5.089063280026961067e+00 -5.499911514477242136e+00 -5.912767296242096293e+00 -6.327345318476284675e+00 -6.743411135786269384e+00 -7.160770467189104593e+00 -7.579261053888700417e+00 -7.998746396750179954e+00 -8.419110892044777472e+00 -8.840256018264728510e+00 -9.262097320879762563e+00 -9.684562008565563929e+00 -1.010758702217460581e+01 -1.053111747226188122e+01 -1.095510536621794451e+01 -1.137950856467774763e+01 -1.180428992072774896e+01 -1.222941656583241077e+01 -1.265485931426936261e+01 -1.308059216386280355e+01 -1.350659187541372575e+01 -1.393283761679156640e+01 -1.435931066042853210e+01 -1.478599412513458233e+01 -1.521287275486723267e+01 -1.563993272845162608e+01 -1.606716149533208338e+01 -1.649454763330674822e+01 -1.692208072489856363e+01 -1.734975124958392101e+01 -1.777755048956247208e+01 -1.820547044712939311e+01 -1.863350377202126040e+01 -1.906164369736250563e+01
0.000000000000000000e+00 -4.598486933914536223e-02 -1.749691385032043911e-01 -3.712092007546949901e-01 -6.192828289629002114e-01 -9.063384804888148238e-01 -1.222526305733756757e+00 -1.560588071731064730e+00 -1.915249125528646346e+00 -2.282675391651752150e+00 -2.660058186361483834e+00 -3.045316173952485883e+00 -3.436886681144295963e+00 -3.833580511609460117e+00 -4.234480618391598838e+00 -4.638870805241557704e+00 -5.046185017477251122e+00 -5.455970846287510057e+00 -5.867862939674633793e+00 -6.281563394660986788e+00 -6.696827126522608253e+00 -7.113450827828698309e+00 -7.531264546572019825e+00 -7.950125196499167046e+00 -8.369911508163623282e+00 -8.790520065210873923e+00 -9.211862166054496370e+00 -9.633861319092915210e+00 -1.005645122844571659e+01 -1.047957416260542196e+01 -1.090317962433652177e+01 -1.132722325932028440e+01 -1.175166595533291947e+01 -1.217647309448672388e+01 -1.260161392920371171e+01 -1.302706105880669973e+01 -1.345278998839301821e+01 -1.387877875535827599e+01 -1.430500761182348413e+01 -1.473145875348308209e+01 -1.515811608717833181e+01 -1.558496503091878971e+01 -1.601199234120679193e+01 -1.643918596342818716e+01 -1.686653490180495396e+01 -1.729402910599889154e+01 -1.772165937193871343e+01 -1.814941725483798507e+01 -1.857729499269546380e+01 -1.900528543883720900e+01
0.000000000000000000e+00 -4.476206379692726500e-02 -1.706283349649009295e-01 -3.627537245185106229e-01 -6.064308231586696962e-01 -8.892349774687193786e-01 -1.201516550489326818e+00 -1.536081548560837007e+00 -1.887650659272333442e+00 -2.252355476524165567e+00 -2.627343531029724844e+00 -3.010489692121913308e+00 -3.400191376569006607e+00 -3.795224577038530001e+00 -4.194642539975047768e+00 -4.597703985782590763e+00 -5.003821771471502089e+00 -5.412525770296653604e+00 -5.823435721211197347e+00 -6.236241140030960750e+00 -6.650686286722063301e+00 -7.066558792986075588e+00 -7.483680968841031955e+00 -7.901903091039029547e+00 -8.321098172774174628e+00 -8.741157851542144641e+00 -9.161989129020577494e+00 -9.583511766019396916e+00 -1.000565618537432222e+01 -1.042836177188707225e+01 -1.085157548500618319e+01 -1.127525071963231795e+01 -1.169934636513767856e+01 -1.212382602376209917e+01 -1.254865735795162607e+01 -1.297381154263037750e+01 -1.339926280334403152e+01 -1.382498802504918167e+01 -1.425096641931625108e+01 -1.467717924006421981e+01 -1.510360953980218746e+01 -1.553024195982783873e+01 -1.595706254901097410e+01 -1.638405860673631764e+01 -1.681121854634309898e+01 -1.723853177601768039e+01 -1.766598859459975657e+01 -1.809358010017484730e+01 -1.852129810966464873e+01 -1.894913508790625656e+01
0.000000000000000000e+00 -4.360212804505536610e-02 -1.664920302671060170e-01 -3.546549300665233773e-01 -5.940590373899343746e-01 -8.726962160276325875e-01 -1.181121441036761865e+00 -1.512213583464669497e+00 -1.860696783045938218e+00 -2.222674556054643702e+00 -2.595255065103218683e+00 -2.976272368441836846e+00 -3.364085936586118208e+00 -3.757438220008348040e+00 -4.155353564285849899e+00 -4.557066107076130024e+00 -4.961967917915801607e+00 -5.369571322822338288e+00 -5.779481238116325414e+00 -6.191374630730738460e+00 -6.604985103435256022e+00 -7.020091204067524515e+00 -7.436507469188292418e+00 -7.854077496244926238e+00 -8.272668535622653252e+00 -8.692167232454323766e+00 -9.112476246205178043e+00 -9.533511546272514181e+00 -9.955200232563740315e+00 -1.037747876699515004e+01 -1.080029152905637169e+01 -1.122358962876981181e+01 -1.164732992547699197e+01 -1.207147421227481132e+01 -1.249598853458192060e+01 -1.292084261794420286e+01 -1.334600938529856506e+01 -1.377146454788136509e+01 -1.419718625706658699e+01 -1.462315480685452052e+01 -1.504935237865754161e+01 -1.547576282156055960e+01 -1.590237146245764421e+01 -1.632916494144965469e+01 -1.675613106868168600e+01 -1.718325869944338535e+01 -1.761053762488000274e+01 -1.803795847609191583e+01 -1.846551263975345591e+01 -1.889319218367324638e+01
0.000000000000000000e+00 -4.250036918211819170e-02 -1.625464803579657058e-01 -3.468919051946102172e-01 -5.821433112800207255e-01 -8.566979511147323478e-01 -1.161318433290274399e+00 -1.488964065279736460e+00 -1.834369942676913112e+00 -2.193617466022709905e+00 -2.563779736777357598e+00 -2.942652965954682287e+00 -3.328560661545621358e+00 -3.720213035088553610e+00 -4.116606373838438415e+00 -4.516950767360659924e+00 -4.920617828088992951e+00 -5.327102530294926197e+00 -5.735995074543041028e+00 -6.146959927945150781e+00 -6.559720047832319878e+00 -6.974044886298861101e+00 -7.389741180036500268e+00 -7.806645812298910414e+00 -8.224620231305648232e+00 -8.643546048635478485e+00 -9.063321540221247474e+00 -9.483858843678939721e+00 -9.905081697228327542e+00 -1.032692360312526603e+01 -1.074932632629557006e+01 -1.117223865950955997e+01 -1.159561540191557505e+01 -1.201941650944562312e+01 -1.244360638450842416e+01 -1.286815327921050844e+01 -1.329302879161492257e+01 -1.371820743864203784e+01 -1.414366629241869866e+01 -1.456938466940176546e+01 -1.499534386359534643e+01 -1.542152691676777820e+01 -1.584791841984324456e+01 -1.627450434066362561e+01 -1.670127187414043490e+01 -1.712820931148619152e+01 -1.755530592576030458e+01 -1.798255187141150202e+01 -1.840993809586648666e+01 -1.883745626151800678e+01
0.000000000000000000e+00 -4.145254684686783264e-02 -1.587791134383333969e-01 -3.394452476650524630e-01 -5.706609190899492035e-01 -8.412170998497821017e-01 -1.142085844733637501e+00 -1.466313489694638150e+00 -1.808652998190735772e+00 -2.165169318681105182e+00 -2.532904675088904156e+00 -2.909620363137785048e+00 -3.293605922856647439e+00 -3.683540657949757602e+00 -4.078393672114764001e+00 -4.477351572394677959e+00 -4.879765871896603713e+00 -5.285114411985523120e+00 -5.692972803822287986e+00 -6.102993079825308698e+00 -6.514887576828241933e+00 -6.928416650102089847e+00 -7.343379218909177553e+00 -7.759605424689524966e+00 -8.176950880127165533e+00 -8.595292127003775207e+00 -9.014523020505357920e+00 -9.434551829517994648e+00 -9.855298894675602384e+00 -1.027669472420190822e+01 -1.069867843588121481e+01 -1.112119647457490856e+01 -1.154420155053559505e+01 -1.196765175575478679e+01 -1.239150982471663198e+01 -1.281574251294562039e+01 -1.324032007215855522e+01 -1.366521580505044398e+01 -1.409040568604675947e+01 -1.451586803695603400e+01 -1.494158324851711228e+01 -1.536753354047649012e+01 -1.579370275414480496e+01 -1.622007617243890110e+01 -1.664664036327047825e+01 -1.707338304283677388e+01 -1.750029295593514789e+01 -1.792735977088781141e+01 -1.835457398704472354e+01 -1.878192685314846244e+01
0.000000000000000000e+00 -4.045482031719949134e-02 -1.551784110299632147e-01 -3.322969404119877623e-01 -5.595904788080456882e-01 -8.262316891178329570e-01 -1.123402830097374405e+00 -1.444242951623779803e+00 -1.783529224835502802e+00 -2.137315507657266522e+00 -2.502617196137961741e+00 -2.877163560187847580e+00 -3.259212168778917729e+00 -3.647412770465527032e+00 -4.040708187953267583e+00 -4.438262139185205513e+00 -4.839406421018971116e+00 -5.243601982658079308e+00 -5.650409990697628615e+00 -6.059470123374760320e+00 -6.470484134679105992e+00 -6.883203292450771116e+00 -7.297418689585649432e+00 -7.712953705199785404e+00 -8.129658088947081751e+00 -8.547403281438956668e+00 -8.966078683950701844e+00 -9.385588663071624538e+00 -9.805850128785809972e+00 -1.022679056329809200e+01 -1.064834640668822097e+01 -1.107046172696041175e+01 -1.149308711822367712e+01 -1.191617878299648048e+01 -1.233969776398999230e+01 -1.276360929792171994e+01 -1.318788226948252529e+01 -1.361248874791971097e+01 -1.403740359210041078e+01 -1.446260411260087153e+01 -1.488806978149336757e+01 -1.531378198219709930e+01 -1.573972379311722491e+01 -1.616587979988981516e+01 -1.659223593193498303e+01 -1.701877931973984204e+01 -1.744549816987982283e+01 -1.787238165526849443e+01 -1.829941981852204691e+01 -1.872660348665252883e+01
0.000000000000000000e+00 -3.950370281176418530e-02 -1.517338028041894660e-01 -3.254302378689644115e-01 -5.489118665558478938e-01 -8.117208043118875338e-01 -1.105249356253791504e+00 -1.422734136246154080e+00 -1.758982312822878313e+00 -2.110041711812487009e+00 -2.472904808523493259e+00 -2.845271684732439965e+00 -3.225369929803532543e+00 -3.611821105521842767e+00 -4.003542679729571674e+00 -4.399676099567541243e+00 -4.799533851952597630e+00 -5.202560255144520696e+00 -5.608302193504050237e+00 -6.016387086294857411e+00 -6.426506154548443206e+00 -6.838401598203256881e+00 -7.251856683239608969e+00 -7.666688012882943326e+00 -8.082739452020422988e+00 -8.499877313506960519e+00 -8.917986515535039516e+00 -9.336967492170483496e+00 -9.756733692488584353e+00 -1.017720954305284309e+01 -1.059832877767587433e+01 -1.102003306025539153e+01 -1.144227084295706476e+01 -1.186499641453272069e+01 -1.228816910313581445e+01 -1.271175260536840135e+01 -1.313571441900789871e+01 -1.356002536131864389e+01 -1.398465915835024553e+01 -1.440959209338440061e+01 -1.483480270488213293e+01 -1.526027152603070114e+01 -1.568598085939067488e+01 -1.611191458127295562e+01 -1.653805797138981504e+01 -1.696439756406780930e+01 -1.739092101791787215e+01 -1.781761700135643167e+01 -1.824447509178188653e+01 -1.867148568655029806e+01
0.000000000000000000e+00 -3.859602188296840097e-02 -1.484355734110476277e-01 -3.188295624232626579e-01 -5.386061361544225434e-01 -7.976645394328389926e-01 -1.087606176586577433e+00 -1.401769308904215805e+00 -1.734996365910900451e+00 -2.083333898132407214e+00 -2.443755218033201615e+00 -2.813933996990090947e+00 -3.192069823633781667e+00 -3.576757451538796317e+00 -3.966889939330506820e+00 -4.361587103636351159e+00 -4.760142548944180874e+00 -5.161984242841915815e+00 -5.566644966289867824e+00 -5.973739988788393518e+00 -6.382950060042704266e+00 -6.794008341413061203e+00 -7.206690279560639567e+00 -7.620805695025495652e+00 -8.036192551827127772e+00 -8.452712013177329453e+00 -8.870244488943185956e+00 -9.288686453735987669e+00 -9.707947868236537659e+00 -1.012795007608640319e+01 -1.054862407825304871e+01 -1.096990910896613869e+01 -1.139175145408881740e+01 -1.181410346554650381e+01 -1.223692273521067087e+01 -1.266017139917388334e+01 -1.308381554920382683e+01 -1.350782473273334539e+01 -1.393217152633323863e+01 -1.435683117045048895e+01 -1.478178125544746990e+01 -1.520700145077647569e+01 -1.563247327056803648e+01 -1.605817987007579006e+01 -1.648410586836434533e+01 -1.691023719339457898e+01 -1.733656094628853239e+01 -1.776306528207155466e+01 -1.818973930461400101e+01 -1.861657297384613940e+01
0.000000000000000000e+00 -3.772888498049731254e-02 -1.452747797912525840e-01 -3.124804100787699213e-01 -5.286554436623607245e-01 -7.840439487060582024e-01 -1.070454805058195902e+00 -1.381331304041886199e+00 -1.711555898947436205e+00 -2.057178323720519231e+00 -2.415156331628516284e+00 -2.783139894401111647e+00 -3.159302559777419361e+00 -3.542213656709977343e+00 -3.930742795923729105e+00 -4.323988823028626527e+00 -4.721226906816935909e+00 -5.121868962131058467e+00 -5.525433860880960779e+00 -5.931524845320646833e+00 -6.339812266715192379e+00 -6.750020286615713516e+00 -7.161916547858144355e+00 -7.575304088096951105e+00 -7.990014959891754032e+00 -8.405905159533032744e+00 -8.822850567183731840e+00 -9.240743674317929646e+00 -9.659490928475506166e+00 -1.007901056541287943e+01 -1.049923082864143886e+01 -1.092008849883668198e+01 -1.134152767263190675e+01 -1.176349874329421397e+01 -1.218595754574518963e+01 -1.260886463608580144e+01 -1.303218468176738654e+01 -1.345588594322867770e+01 -1.387993983149801203e+01 -1.430432052916979124e+01 -1.472900466447797285e+01 -1.515397103003903823e+01 -1.557920033932239789e+01 -1.600467501510537005e+01 -1.643037900514230998e+01 -1.685629762106936980e+01 -1.728241739721430292e+01 -1.770872596651275188e+01 -1.813521195117133544e+01 -1.856186486608104502e+01
0.000000000000000000e+00 -3.689964941927570408e-02 -1.422431776608661380e-01 -3.063692644843420965e-01 -5.190429766743438478e-01 -7.708409998315044476e-01 -1.053777490167872699e+00 -1.361403513344638938e+00 -1.688645834486198538e+00 -2.031561536964170855e+00 -2.387096260765325439e+00 -2.752878915751757916e+00 -3.127058943762433429e+00 -3.508181632965579055e+00 -3.895094119525586152e+00 -4.286874954059383569e+00 -4.682781333689177927e+00 -5.082209434715883489e+00 -5.484664428886594223e+00 -5.889737666337136801e+00 -6.297089183537725177e+00 -6.706434190091403735e+00 -7.117532548147016414e+00 -7.530180518685813951e+00 -7.944204237592774831e+00 -8.359454521472372335e+00 -8.775802703199730104e+00 -9.193137270627513402e+00 -9.611361136111248982e+00 -1.003038940485017250e+01 -1.045014754023676140e+01 -1.087056984716800478e+01 -1.129159821154215493e+01 -1.171318104735704146e+01 -1.213527241296818993e+01 -1.255783126591153653e+01 -1.298082083180303492e+01 -1.340420806760942263e+01 -1.382796320334999685e+01 -1.425205934927072704e+01 -1.467647215790521287e+01 -1.510117953233580756e+01 -1.552616137349457226e+01 -1.595139936057708319e+01 -1.637687675964270539e+01 -1.680257825629063717e+01 -1.722848980896861804e+01 -1.765459852001990981e+01 -1.808089252202696784e+01 -1.850736087738497559e+01
0.000000000000000000e+00 -3.610589611208148142e-02 -1.393331560360042687e-01 -3.004835185564633804e-01 -5.097528881549298063e-01 -7.580385289483384526e-01 -1.037557188965283927e+00 -1.341969873229230004e+00 -1.666251498580288981e+00 -2.006470377939940875e+00 -2.359563324090418135e+00 -2.723140744814671166e+00 -3.095329880988879623e+00 -3.474653359665731855e+00 -3.859936824370281627e+00 -4.250239220711257815e+00 -4.644800253585364302e+00 -5.043000689883479382e+00 -5.444332223646341617e+00 -5.848374459937456749e+00 -6.254777214339375391e+00 -6.663246801102909345e+00 -7.073535332214655469e+00 -7.485432304421397731e+00 -7.898757936961034787e+00 -8.313357858402579126e+00 -8.729098840473016097e+00 -9.145865350065466970e+00 -9.563556744972428802e+00 -9.982084979427037652e+00 -1.040137271596772273e+01 -1.082135176313551028e+01 -1.124196177599979407e+01 -1.166314916989148465e+01 -1.208486620803005174e+01 -1.250707023171790233e+01 -1.292972300800163410e+01 -1.335279017458120521e+01 -1.377624076559631661e+01 -1.420004680497027927e+01 -1.462418295642209820e+01 -1.504862622120431404e+01 -1.547335567619058772e+01 -1.589835224620338394e+01 -1.632359850550075109e+01 -1.674907850418004074e+01 -1.717477761594350838e+01 -1.760068240423598240e+01 -1.802678050423109113e+01 -1.845306051852933038e+01
0.000000000000000000e+00 -3.534540653042483882e-02 -1.365376788169019306e-01 -2.948114029929254087e-01 -5.007702345745812522e-01 -7.456201973649232428e-01 -1.021777541260362909e+00 -1.323014851816237680e+00 -1.644358615851295724e+00 -1.981891978122696685e+00 -2.332546049553082312e+00 -2.693915213528624619e+00 -3.064106380229713267e+00 -3.441620887031017872e+00 -3.825263872083901617e+00 -4.214075377479565176e+00 -4.607278108940002781e+00 -5.004237766684495270e+00 -5.404432802117655754e+00 -5.807431233504695811e+00 -6.212872759211842677e+00 -6.620454863108237831e+00 -7.029921944668782174e+00 -7.441056754880971624e+00 -7.853673601467027865e+00 -8.267612920924825914e+00 -8.682736913621891262e+00 -9.098926011245064061e+00 -9.516076000269583446e+00 -9.934095665787063822e+00 -1.035290485065258714e+01 -1.077243284810468005e+01 -1.119261706368968312e+01 -1.161340189587869531e+01 -1.203473779522524190e+01 -1.245658047003024294e+01 -1.287889021281902657e+01 -1.330163132691097871e+01 -1.372477163629044128e+01 -1.414828206510467545e+01 -1.457213627560111568e+01 -1.499631035530942924e+01 -1.542078254587912767e+01 -1.584553300728253511e+01 -1.627054361214883826e+01 -1.669579776585641895e+01 -1.712128024871737608e+01 -1.754697707716909605e+01 -1.797287538136810170e+01 -1.839896329697939237e+01
0.000000000000000000e+00 -3.461614244248423233e-02 -1.338502325809844962e-01 -2.893419210376197981e-01 -4.920809181123946274e-01 -7.335704500801352168e-01 -1.006422844147335738e+00 -1.304523435504886919e+00 -1.622953303925122270e+00 -1.957813759459655856e+00 -2.306033175970314986e+00 -2.665192304740607199e+00 -3.033379556793953213e+00 -3.409076339317506310e+00 -3.791068274667022564e+00 -4.178377212074584790e+00 -4.570209362995104385e+00 -4.965915716034015048e+00 -5.364961726703837641e+00 -5.766903995289998974e+00 -6.171372215880873924e+00 -6.578055114947582993e+00 -6.986689423965634305e+00 -7.397051172481951653e+00 -7.808948766796621754e+00 -8.222217451510354991e+00 -8.636714848991957183e+00 -9.052317344509804187e+00 -9.468917139049974452e+00 -9.886419832589417922e+00 -1.030474243135327583e+01 -1.072381169594474493e+01 -1.114356276507992582e+01 -1.156393800337267130e+01 -1.198488603221393412e+01 -1.240636091103084304e+01 -1.282832144265403329e+01 -1.325073058158715789e+01 -1.367355492797653760e+01 -1.409676429325973857e+01 -1.452033132601238918e+01 -1.494423118855050170e+01 -1.536844127648892311e+01 -1.579294097478732795e+01 -1.621771144489746064e+01 -1.664273543850979564e+01 -1.706799713412270947e+01 -1.749348199325471143e+01 -1.791917663361370572e+01 -1.834506871694692620e+01
0.000000000000000000e+00 -3.391622804719673923e-02 -1.312647798464521287e-01 -2.840647889154617189e-01 -4.836716326913457209e-01 -7.218744761012398925e-01 -9.914780269414009695e-01 -1.286481115256899344e+00 -1.602022067319103016e+00 -1.934223432867879566e+00 -2.280013654083125729e+00 -2.636962154533181391e+00 -3.003140635365554090e+00 -3.377011917743939051e+00 -3.757343097290112510e+00 -4.143138547983125974e+00 -4.533588502092007033e+00 -4.928029602733102976e+00 -5.325914567022248747e+00 -5.726788755951945475e+00 -6.130271981043454943e+00 -6.536044292004088874e+00 -6.943834803418189594e+00 -7.353412853358655354e+00 -7.764580961614928611e+00 -8.177169185167386445e+00 -8.591030565239783812e+00 -9.006037432445511470e+00 -9.422078390648099600e+00 -9.839055840906208772e+00 -1.025688393772674623e+01 -1.067548689334027578e+01 -1.109479756369889891e+01 -1.151475626374714878e+01 -1.193530977024260409e+01 -1.235641047875648368e+01 -1.277801568802586196e+01 -1.320008698997927432e+01 -1.362258974783344456e+01 -1.404549264790107621e+01 -1.446876731334157817e+01 -1.489238797016832727e+01 -1.531633115750606500e+01 -1.574057547545368685e+01 -1.616510136501613459e+01 -1.658989091547534755e+01 -1.701492769531388305e+01 -1.744019660341779598e+01 -1.786568373779203966e+01 -1.829137627944275479e+01
